subscriber_id,signup_cohort_month,plan,acquisition_channel,tenure_days,churned
1,2023-04,pro,paid,269.8,1
2,2022-08,basic,organic,391.5,1
3,2023-11,pro,referral,200.0,0
4,2024-05,pro,organic,14.3,1
5,2022-11,basic,paid,408.1,1
6,2023-01,enterprise,organic,505.0,0
7,2023-05,pro,paid,392.0,0
8,2022-10,pro,organic,88.1,1
9,2022-10,basic,organic,138.6,1
10,2023-04,basic,paid,220.2,1
11,2022-07,basic,organic,35.3,1
12,2022-12,enterprise,organic,518.0,0
13,2023-01,pro,referral,128.7,1
14,2023-09,pro,organic,260.0,0
15,2024-05,basic,paid,1.0,0
16,2023-12,basic,paid,173.0,0
17,2022-11,pro,organic,2.7,1
18,2023-01,basic,paid,41.6,1
19,2023-10,pro,organic,238.0,0
20,2023-03,pro,paid,450.0,0
21,2024-01,pro,organic,140.0,0
22,2023-11,basic,organic,189.0,0
23,2022-07,enterprise,organic,682.0,0
24,2023-08,enterprise,referral,297.0,0
25,2023-12,pro,paid,176.0,0
26,2023-06,basic,referral,284.8,1
27,2023-08,basic,paid,45.5,1
28,2022-12,basic,paid,211.1,1
29,2022-07,basic,paid,279.2,1
30,2023-04,pro,referral,426.0,0
31,2023-04,pro,paid,425.0,0
32,2023-09,enterprise,organic,262.0,0
33,2023-04,basic,paid,94.7,1
34,2023-10,basic,paid,229.0,0
35,2024-06,basic,organic,0.0,0
36,2022-09,basic,organic,84.6,1
37,2023-07,basic,organic,283.1,1
38,2023-06,basic,referral,346.8,1
39,2024-04,basic,organic,60.0,0
40,2022-10,pro,referral,435.7,1
41,2024-01,basic,organic,122.0,0
42,2023-08,pro,paid,115.5,1
43,2022-10,pro,organic,76.5,1
44,2023-07,basic,referral,329.0,0
45,2022-08,pro,paid,661.4,1
46,2024-01,pro,organic,150.0,0
47,2023-01,basic,organic,224.1,1
48,2022-06,basic,organic,368.5,1
49,2023-05,pro,organic,367.2,1
50,2023-01,basic,paid,119.1,1
51,2023-08,basic,referral,283.0,0
52,2022-12,basic,paid,447.2,1
53,2022-08,pro,paid,654.0,0
54,2023-01,pro,organic,458.2,1
55,2022-07,pro,referral,99.3,1
56,2023-04,pro,referral,423.0,0
57,2023-04,basic,organic,387.8,1
58,2023-10,pro,referral,113.8,1
59,2023-01,basic,organic,363.9,1
60,2022-09,basic,referral,365.1,1
61,2023-02,pro,referral,465.0,0
62,2023-12,basic,paid,106.6,1
63,2023-05,pro,organic,240.5,1
64,2022-12,pro,paid,120.4,1
65,2022-07,pro,organic,581.8,1
66,2024-02,pro,paid,112.0,0
67,2024-03,pro,organic,91.0,0
68,2023-08,basic,paid,20.7,1
69,2024-03,basic,referral,90.0,0
70,2022-06,basic,organic,199.4,1
71,2023-08,basic,organic,169.2,1
72,2023-05,basic,paid,384.0,0
73,2023-12,pro,organic,163.0,0
74,2023-07,basic,organic,323.0,0
75,2022-06,basic,organic,251.9,1
76,2023-06,basic,organic,6.5,1
77,2024-05,basic,paid,6.0,0
78,2023-12,pro,paid,10.8,1
79,2022-06,pro,organic,704.0,0
80,2022-06,pro,paid,353.7,1
81,2024-01,pro,organic,92.7,1
82,2023-03,basic,organic,79.9,1
83,2024-04,pro,paid,55.0,0
84,2023-04,basic,organic,183.3,1
85,2024-03,basic,paid,52.4,1
86,2022-10,basic,referral,178.1,1
87,2022-07,pro,paid,206.4,1
88,2024-01,basic,paid,124.0,0
89,2023-07,basic,organic,333.0,0
90,2024-03,basic,organic,73.0,0
91,2023-10,basic,organic,244.0,0
92,2024-04,pro,paid,46.0,0
93,2023-11,basic,referral,190.0,0
94,2022-06,basic,organic,361.2,1
95,2024-04,basic,organic,32.0,0
96,2022-09,pro,organic,507.7,1
97,2024-04,basic,paid,55.0,0
98,2023-05,basic,paid,380.0,0
99,2023-07,basic,paid,60.0,1
100,2022-08,enterprise,referral,633.4,1
101,2024-01,enterprise,organic,143.0,0
102,2024-01,pro,paid,129.0,0
103,2022-12,basic,paid,240.1,1
104,2022-12,enterprise,organic,497.9,1
105,2023-01,pro,referral,403.4,1
106,2024-05,pro,organic,18.0,0
107,2023-11,basic,paid,121.1,1
108,2022-10,basic,paid,499.7,1
109,2023-03,basic,referral,432.0,0
110,2023-03,enterprise,paid,433.0,0
111,2023-11,basic,organic,213.0,0
112,2023-11,basic,referral,187.0,0
113,2022-07,basic,paid,107.7,1
114,2022-12,pro,paid,523.0,0
115,2024-03,basic,paid,91.0,0
116,2022-07,pro,organic,605.0,1
117,2023-04,pro,paid,361.6,1
118,2023-10,pro,referral,240.0,0
119,2023-08,basic,organic,285.0,0
120,2022-12,pro,paid,392.5,1
121,2023-09,pro,referral,270.0,0
122,2023-04,pro,paid,160.4,1
123,2023-01,basic,referral,511.0,0
124,2024-01,basic,organic,40.3,1
125,2022-07,basic,referral,4.5,1
126,2023-09,basic,organic,110.1,1
127,2023-08,basic,paid,301.0,0
128,2023-01,basic,paid,133.9,1
129,2023-03,basic,paid,438.0,0
130,2023-07,pro,referral,150.6,1
131,2023-02,basic,paid,193.6,1
132,2022-08,enterprise,paid,650.0,0
133,2022-11,pro,organic,576.0,0
134,2022-10,basic,paid,83.6,1
135,2023-11,pro,paid,81.6,1
136,2023-08,basic,organic,274.3,1
137,2023-04,enterprise,paid,398.0,0
138,2024-05,basic,referral,31.0,0
139,2022-11,pro,paid,104.2,1
140,2023-10,basic,paid,96.6,1
141,2023-11,basic,organic,203.0,0
142,2023-11,basic,paid,142.3,1
143,2023-11,enterprise,organic,198.2,1
144,2023-10,pro,organic,243.0,0
145,2023-03,basic,paid,255.0,1
146,2023-04,basic,organic,420.0,0
147,2023-11,basic,organic,184.0,0
148,2024-01,basic,paid,93.9,1
149,2022-10,basic,organic,551.9,1
150,2024-03,basic,organic,66.0,0
151,2023-05,pro,organic,369.0,0
152,2023-05,enterprise,paid,105.6,1
153,2023-04,basic,organic,109.5,1
154,2022-09,pro,paid,265.9,1
155,2023-03,basic,paid,118.2,1
156,2022-07,pro,organic,701.0,0
157,2022-09,basic,referral,125.4,1
158,2023-12,pro,organic,154.0,0
159,2023-12,pro,paid,173.0,0
160,2023-09,pro,organic,25.7,1
161,2023-08,basic,paid,281.0,0
162,2023-04,enterprise,organic,398.0,0
163,2023-12,basic,referral,167.0,0
164,2023-12,basic,organic,160.0,0
165,2023-09,pro,paid,274.0,0
166,2023-02,basic,organic,483.0,0
167,2023-01,pro,organic,432.0,1
168,2022-06,pro,organic,10.4,1
169,2024-01,basic,paid,145.0,0
170,2023-08,enterprise,paid,282.0,0
171,2022-07,basic,referral,357.4,1
172,2023-01,basic,paid,68.6,1
173,2023-04,basic,referral,426.0,0
174,2023-05,enterprise,organic,388.0,0
175,2024-04,basic,paid,26.8,1
176,2022-08,basic,paid,286.4,1
177,2023-03,basic,paid,228.8,1
178,2023-04,enterprise,referral,209.8,1
179,2023-05,enterprise,paid,388.0,0
180,2023-08,pro,referral,282.0,0
181,2023-12,enterprise,paid,183.0,0
182,2022-12,enterprise,organic,252.9,1
183,2023-06,basic,paid,35.2,1
184,2024-05,basic,paid,24.0,0
185,2023-08,pro,referral,287.0,0
186,2022-08,pro,referral,660.3,1
187,2023-09,basic,organic,269.0,0
188,2023-08,basic,organic,297.0,0
189,2023-03,pro,organic,449.0,0
190,2022-11,basic,paid,480.2,1
191,2023-02,enterprise,organic,432.5,1
192,2022-09,basic,paid,452.1,1
193,2024-03,basic,paid,82.0,0
194,2022-08,pro,referral,665.0,0
195,2022-08,basic,organic,489.6,1
196,2023-05,basic,paid,373.0,0
197,2023-03,pro,organic,449.0,0
198,2023-12,enterprise,referral,153.0,0
199,2023-07,basic,organic,263.7,1
200,2024-01,basic,organic,141.5,1
201,2024-05,pro,organic,15.0,0
202,2022-06,enterprise,referral,414.7,1
203,2023-11,basic,organic,186.0,0
204,2023-04,basic,paid,44.2,1
205,2023-10,basic,paid,192.0,1
206,2023-09,basic,paid,145.6,1
207,2023-08,basic,organic,286.0,0
208,2023-10,pro,organic,241.0,0
209,2023-03,basic,organic,409.9,1
210,2022-07,basic,organic,624.7,1
211,2023-07,pro,paid,119.2,1
212,2022-07,pro,organic,700.0,0
213,2023-02,basic,organic,185.4,1
214,2023-03,pro,organic,120.9,1
215,2023-12,pro,paid,170.0,0
216,2024-04,pro,organic,45.0,0
217,2022-09,basic,paid,234.2,1
218,2023-04,basic,organic,400.1,1
219,2023-08,enterprise,referral,42.0,1
220,2022-10,basic,paid,123.6,1
221,2023-10,basic,organic,160.7,1
222,2022-11,basic,organic,276.7,1
223,2023-10,pro,organic,233.8,1
224,2022-08,enterprise,organic,352.1,1
225,2023-11,basic,organic,192.0,0
226,2024-02,enterprise,referral,99.0,0
227,2023-01,basic,paid,502.0,0
228,2024-02,pro,organic,117.0,0
229,2022-07,pro,paid,78.7,1
230,2023-02,basic,organic,221.2,1
231,2023-12,basic,referral,166.0,0
232,2024-01,basic,organic,52.8,1
233,2022-08,enterprise,paid,665.0,0
234,2023-03,pro,paid,437.0,0
235,2022-08,enterprise,organic,127.0,1
236,2024-03,pro,organic,79.0,0
237,2022-08,basic,organic,181.0,1
238,2023-05,pro,referral,374.0,0
239,2023-02,basic,paid,18.2,1
240,2023-09,basic,paid,96.4,1
241,2024-04,pro,paid,42.0,0
242,2022-07,pro,referral,689.0,0
243,2022-06,basic,paid,194.9,1
244,2023-09,basic,paid,75.7,1
245,2022-07,pro,paid,86.8,1
246,2024-02,pro,organic,120.0,0
247,2024-02,pro,referral,111.0,0
248,2024-04,basic,organic,52.0,0
249,2023-08,basic,organic,269.0,1
250,2024-04,basic,referral,37.0,0
251,2023-08,pro,organic,284.0,0
252,2024-02,pro,organic,99.0,0
253,2022-12,basic,organic,140.4,1
254,2022-10,basic,paid,600.0,0
255,2023-01,basic,referral,495.0,0
256,2024-01,pro,organic,90.7,1
257,2022-11,pro,organic,237.8,1
258,2023-12,basic,paid,179.0,0
259,2022-12,basic,referral,546.0,0
260,2023-04,pro,organic,194.4,1
261,2023-09,basic,referral,264.0,0
262,2024-04,pro,referral,60.0,0
263,2022-10,basic,organic,313.6,1
264,2022-07,basic,referral,676.0,0
265,2023-02,enterprise,paid,247.4,1
266,2022-07,basic,paid,500.2,1
267,2022-07,basic,organic,282.1,1
268,2024-01,basic,referral,140.0,0
269,2022-12,basic,paid,526.0,0
270,2023-09,basic,paid,251.0,0
271,2023-06,basic,referral,108.9,1
272,2024-02,basic,paid,113.0,0
273,2022-07,basic,referral,596.9,1
274,2022-12,pro,referral,522.0,0
275,2023-11,pro,organic,192.0,0
276,2023-09,basic,organic,267.0,0
277,2023-08,basic,organic,42.5,1
278,2022-12,basic,referral,248.3,1
279,2022-08,enterprise,organic,587.6,1
280,2023-10,pro,paid,191.3,1
281,2023-06,basic,organic,340.0,0
282,2023-04,basic,organic,38.3,1
283,2023-08,basic,paid,24.3,1
284,2023-06,basic,organic,363.0,0
285,2024-03,pro,referral,76.0,0
286,2024-02,basic,organic,120.0,0
287,2023-08,basic,referral,288.0,0
288,2022-08,basic,organic,135.0,1
289,2023-09,basic,referral,58.2,1
290,2023-12,basic,paid,179.0,0
291,2022-12,pro,organic,245.5,1
292,2022-07,basic,organic,163.3,1
293,2023-07,enterprise,organic,330.0,0
294,2024-05,basic,paid,6.0,0
295,2023-01,pro,referral,356.5,1
296,2023-08,enterprise,organic,298.0,0
297,2023-02,enterprise,organic,0.4,1
298,2023-11,pro,paid,199.0,0
299,2024-05,pro,paid,1.0,0
300,2023-09,pro,paid,248.0,0
301,2023-01,pro,paid,507.0,0
302,2023-08,basic,paid,221.7,1
303,2023-12,basic,referral,102.5,1
304,2023-07,basic,organic,320.5,1
305,2022-12,pro,organic,264.3,1
306,2024-03,basic,organic,85.0,0
307,2023-01,basic,paid,294.3,1
308,2023-02,pro,organic,143.0,1
309,2023-09,basic,referral,254.5,1
310,2022-07,basic,paid,275.6,1
311,2022-08,basic,paid,41.6,1
312,2023-10,basic,paid,201.3,1
313,2024-05,basic,organic,22.0,0
314,2023-10,basic,referral,221.0,0
315,2024-01,basic,organic,147.0,0
316,2023-05,basic,paid,266.4,1
317,2022-08,basic,referral,126.3,1
318,2022-09,pro,paid,260.7,1
319,2023-10,basic,referral,220.0,0
320,2023-07,enterprise,organic,196.6,1
321,2024-05,enterprise,referral,26.0,0
322,2023-05,basic,paid,241.3,1
323,2024-04,basic,paid,45.0,0
324,2022-07,basic,organic,384.3,1
325,2022-09,pro,organic,500.5,1
326,2023-12,pro,paid,154.0,0
327,2023-01,pro,organic,327.1,1
328,2023-04,basic,paid,408.0,0
329,2022-11,pro,referral,576.0,0
330,2023-06,basic,referral,324.0,1
331,2024-01,pro,organic,138.0,0
332,2023-02,basic,referral,265.8,1
333,2024-04,pro,organic,57.0,0
334,2023-04,pro,paid,420.0,0
335,2023-12,basic,referral,153.0,0
336,2023-01,pro,organic,410.8,1
337,2022-10,basic,organic,596.0,0
338,2024-03,pro,organic,78.0,0
339,2023-08,basic,paid,110.7,1
340,2022-12,enterprise,referral,528.0,0
341,2024-02,basic,organic,117.0,0
342,2023-04,enterprise,organic,90.6,1
343,2023-02,pro,paid,483.0,0
344,2023-09,pro,organic,109.3,1
345,2022-10,pro,paid,117.4,1
346,2023-05,pro,referral,367.0,0
347,2023-03,enterprise,paid,451.0,0
348,2024-02,basic,referral,101.0,0
349,2024-05,pro,paid,16.0,0
350,2024-04,basic,referral,36.0,0
351,2022-08,pro,organic,113.7,1
352,2022-09,basic,organic,284.6,1
353,2022-10,pro,paid,305.4,1
354,2024-01,pro,organic,143.0,0
355,2023-05,basic,referral,378.0,0
356,2022-11,basic,paid,234.3,1
357,2023-02,pro,referral,83.0,1
358,2024-03,pro,organic,83.0,0
359,2022-08,basic,paid,38.7,1
360,2024-02,pro,paid,7.1,1
361,2024-01,enterprise,organic,123.0,0
362,2022-08,basic,paid,187.0,1
363,2023-06,basic,paid,348.0,0
364,2023-09,basic,referral,268.0,0
365,2023-04,pro,paid,11.2,1
366,2022-06,basic,organic,69.0,1
367,2024-03,pro,paid,52.4,1
368,2022-12,pro,paid,520.4,1
369,2023-10,basic,organic,240.0,0
370,2024-03,enterprise,organic,84.0,0
371,2023-08,pro,organic,94.7,1
372,2023-05,basic,organic,395.0,0
373,2024-01,basic,paid,148.0,0
374,2023-08,basic,organic,291.0,0
375,2023-03,basic,paid,400.8,1
376,2023-04,basic,organic,415.0,0
377,2022-12,enterprise,paid,520.0,0
378,2022-10,basic,organic,84.6,1
379,2023-08,basic,referral,169.3,1
380,2023-08,pro,organic,304.0,0
381,2023-06,pro,paid,125.9,1
382,2023-04,enterprise,organic,407.0,0
383,2024-03,pro,organic,77.0,0
384,2023-10,basic,paid,225.0,0
385,2024-01,basic,referral,123.0,0
386,2023-08,enterprise,referral,277.0,0
387,2022-07,pro,organic,700.0,0
388,2023-04,enterprise,organic,419.0,0
389,2023-07,basic,paid,101.7,1
390,2023-04,pro,paid,141.2,1
391,2023-02,pro,organic,481.0,0
392,2023-07,basic,paid,192.4,1
393,2023-07,pro,paid,135.8,1
394,2023-01,pro,paid,505.0,0
395,2024-04,basic,organic,43.0,0
396,2023-05,basic,organic,373.4,1
397,2023-05,pro,organic,394.0,0
398,2022-12,basic,paid,262.3,1
399,2022-06,basic,organic,707.0,0
400,2022-11,basic,paid,161.9,1
401,2023-06,basic,paid,130.9,1
402,2024-01,enterprise,paid,122.0,0
403,2023-04,pro,organic,277.9,1
404,2022-10,basic,organic,358.0,1
405,2022-07,enterprise,paid,73.4,1
406,2022-10,enterprise,paid,243.4,1
407,2024-01,basic,referral,136.0,0
408,2023-01,pro,organic,513.0,0
409,2022-09,basic,referral,259.2,1
410,2023-01,enterprise,organic,490.0,0
411,2023-01,pro,organic,253.1,1
412,2023-06,pro,organic,181.5,1
413,2023-03,basic,paid,41.3,1
414,2023-11,enterprise,organic,86.4,1
415,2024-03,basic,organic,63.0,0
416,2022-10,basic,paid,20.0,1
417,2022-07,basic,paid,42.7,1
418,2022-09,pro,organic,616.0,0
419,2023-10,basic,organic,205.6,1
420,2024-03,enterprise,paid,67.0,0
421,2023-11,pro,organic,201.0,0
422,2022-10,basic,organic,440.7,1
423,2023-02,basic,paid,208.3,1
424,2022-07,basic,organic,696.0,0
425,2023-09,pro,paid,246.0,0
426,2023-05,pro,organic,397.0,0
427,2022-11,basic,organic,198.5,1
428,2023-12,pro,organic,102.3,1
429,2022-07,basic,organic,3.4,1
430,2023-04,pro,organic,426.0,0
431,2024-05,enterprise,organic,5.0,0
432,2024-05,pro,referral,18.0,0
433,2022-09,pro,referral,635.0,0
434,2023-02,pro,organic,32.2,1
435,2022-11,basic,paid,114.9,1
436,2022-11,basic,paid,198.9,1
437,2023-08,basic,referral,302.0,0
438,2022-11,basic,organic,575.0,0
439,2022-07,pro,organic,362.7,1
440,2024-01,pro,organic,123.0,0
441,2022-11,pro,organic,136.9,1
442,2023-10,basic,organic,203.0,1
443,2023-10,pro,referral,231.0,0
444,2023-08,basic,referral,297.0,0
445,2022-09,basic,organic,299.3,1
446,2024-05,pro,paid,15.0,0
447,2023-07,enterprise,organic,312.0,0
448,2023-01,pro,paid,218.9,1
449,2024-03,basic,paid,79.0,0
450,2022-11,pro,organic,447.9,1
451,2022-07,basic,referral,596.5,1
452,2024-03,enterprise,referral,65.0,0
453,2024-02,pro,paid,110.0,0
454,2022-07,basic,paid,117.9,1
455,2024-01,basic,paid,142.0,0
456,2024-04,basic,organic,56.0,0
457,2022-07,enterprise,organic,685.0,0
458,2022-08,basic,paid,247.8,1
459,2023-02,pro,organic,170.5,1
460,2023-05,pro,referral,397.0,0
461,2022-08,pro,organic,161.9,1
462,2023-02,basic,organic,392.3,1
463,2023-02,enterprise,organic,474.0,0
464,2022-10,basic,referral,607.0,0
465,2023-02,pro,organic,136.6,1
466,2023-06,pro,organic,183.3,1
467,2023-08,pro,organic,280.0,0
468,2023-06,enterprise,paid,362.0,0
469,2023-05,basic,referral,376.0,0
470,2023-09,basic,organic,259.0,0
471,2023-07,basic,referral,200.9,1
472,2022-11,basic,organic,528.2,1
473,2023-08,basic,paid,299.0,0
474,2024-05,basic,organic,18.0,0
475,2023-11,basic,paid,159.9,1
476,2023-12,basic,paid,124.5,1
477,2022-11,basic,paid,137.8,1
478,2023-07,pro,organic,323.0,0
479,2023-11,pro,referral,51.9,1
480,2022-10,basic,referral,395.6,1
481,2024-05,basic,paid,13.0,0
482,2024-01,basic,paid,125.0,0
483,2022-10,pro,paid,595.0,0
484,2023-05,basic,organic,114.7,1
485,2022-11,basic,referral,306.3,1
486,2022-10,basic,organic,196.9,1
487,2022-07,basic,paid,402.5,1
488,2024-04,basic,organic,45.0,0
489,2022-11,pro,organic,108.9,1
490,2023-01,pro,paid,510.0,0
491,2024-01,pro,paid,149.0,0
492,2022-08,pro,referral,670.0,0
493,2023-08,pro,referral,291.0,0
494,2022-09,basic,organic,108.9,1
495,2023-03,pro,organic,283.5,1
496,2023-05,basic,organic,56.7,1
497,2024-02,basic,paid,114.0,0
498,2022-08,pro,paid,355.0,1
499,2023-04,basic,referral,400.0,0
500,2024-05,basic,paid,4.0,0
501,2024-05,pro,organic,13.0,0
502,2022-11,enterprise,paid,559.0,0
503,2024-02,enterprise,paid,116.0,0
504,2023-03,basic,paid,52.5,1
505,2023-01,basic,organic,239.9,1
506,2023-11,pro,organic,201.0,0
507,2023-04,basic,organic,169.7,1
508,2023-12,pro,organic,172.0,0
509,2022-07,basic,paid,64.1,1
510,2022-09,basic,organic,181.3,1
511,2023-11,basic,paid,207.0,0
512,2023-05,pro,paid,380.0,0
513,2023-06,basic,referral,360.0,0
514,2022-07,basic,organic,170.8,1
515,2023-08,basic,organic,280.8,1
516,2023-04,basic,organic,147.1,1
517,2022-08,basic,organic,278.5,1
518,2024-02,pro,organic,117.0,0
519,2023-05,basic,paid,396.0,0
520,2024-03,pro,organic,76.0,0
521,2023-03,pro,organic,444.0,0
522,2023-09,basic,organic,254.9,1
523,2022-07,basic,paid,31.8,1
524,2023-08,pro,referral,299.0,0
525,2024-02,basic,paid,98.0,0
526,2022-10,basic,paid,432.3,1
527,2022-10,enterprise,paid,253.6,1
528,2023-01,enterprise,paid,500.0,0
529,2022-12,pro,organic,273.8,1
530,2023-11,basic,paid,190.0,0
531,2023-02,pro,paid,462.0,0
532,2024-05,pro,organic,27.0,0
533,2024-01,basic,paid,141.0,0
534,2022-07,pro,paid,299.2,1
535,2022-12,basic,paid,301.1,1
536,2023-12,basic,organic,36.6,1
537,2024-03,basic,paid,80.0,0
538,2022-07,basic,referral,338.8,1
539,2024-03,basic,organic,80.0,0
540,2023-11,pro,organic,185.0,0
541,2024-01,enterprise,organic,131.0,0
542,2024-05,pro,organic,5.0,0
543,2023-10,pro,referral,226.0,0
544,2022-07,enterprise,paid,397.9,1
545,2023-09,basic,organic,246.0,0
546,2023-06,basic,organic,141.6,1
547,2022-12,basic,referral,123.5,1
548,2023-05,basic,organic,396.0,0
549,2022-12,pro,paid,535.0,0
550,2023-02,basic,organic,362.4,1
551,2023-03,basic,organic,265.4,1
552,2023-02,basic,paid,261.1,1
553,2022-11,basic,organic,210.6,1
554,2023-01,enterprise,paid,435.9,1
555,2022-11,basic,organic,46.7,1
556,2024-02,basic,paid,104.0,0
557,2023-01,basic,paid,487.0,0
558,2022-12,basic,paid,305.6,1
559,2023-10,pro,organic,215.0,0
560,2022-09,basic,paid,337.5,1
561,2023-10,basic,referral,219.0,0
562,2023-12,basic,organic,175.0,0
563,2022-09,pro,organic,206.8,1
564,2023-12,pro,referral,81.2,1
565,2023-08,pro,organic,299.0,0
566,2023-09,pro,paid,264.0,0
567,2022-08,pro,paid,333.4,1
568,2023-07,basic,organic,327.0,0
569,2023-01,basic,paid,7.7,1
570,2022-11,basic,paid,217.2,1
571,2023-03,basic,organic,183.0,1
572,2022-07,pro,referral,108.6,1
573,2022-11,basic,organic,210.3,1
574,2023-08,pro,organic,288.0,0
575,2022-07,pro,referral,404.9,1
576,2023-05,basic,organic,353.9,1
577,2024-05,enterprise,referral,16.0,0
578,2023-11,pro,organic,27.1,1
579,2023-03,pro,paid,447.0,0
580,2024-02,basic,organic,112.0,0
581,2023-04,basic,paid,420.0,0
582,2023-09,basic,paid,260.0,0
583,2023-05,basic,referral,292.1,1
584,2024-05,basic,referral,1.0,0
585,2022-09,enterprise,paid,317.6,1
586,2023-09,pro,paid,260.0,0
587,2024-02,basic,paid,100.0,0
588,2023-07,basic,referral,315.0,0
589,2023-06,basic,paid,198.8,1
590,2023-03,basic,referral,175.5,1
591,2023-05,enterprise,organic,377.0,0
592,2024-05,basic,paid,31.0,0
593,2022-09,basic,paid,90.1,1
594,2023-07,pro,organic,328.0,0
595,2024-04,basic,organic,55.0,0
596,2022-11,basic,referral,191.3,1
597,2023-02,pro,organic,48.2,1
598,2023-02,pro,organic,467.0,0
599,2023-07,enterprise,organic,307.0,0
600,2023-08,pro,organic,295.0,0
601,2023-05,basic,paid,106.4,1
602,2024-04,pro,referral,36.0,0
603,2023-10,enterprise,referral,162.0,1
604,2022-06,pro,paid,598.0,1
605,2023-02,enterprise,paid,476.0,0
606,2023-08,pro,organic,200.4,1
607,2023-12,pro,referral,160.0,0
608,2022-12,basic,organic,64.5,1
609,2023-11,pro,organic,187.0,0
610,2024-02,basic,referral,116.0,0
611,2024-02,pro,referral,111.0,0
612,2022-12,pro,organic,525.0,0
613,2023-02,enterprise,paid,462.0,0
614,2024-04,enterprise,paid,50.0,0
615,2024-03,basic,organic,82.0,0
616,2023-03,pro,organic,171.9,1
617,2023-04,pro,organic,352.2,1
618,2023-01,basic,paid,211.1,1
619,2024-01,basic,organic,128.0,0
620,2022-12,basic,paid,11.2,1
621,2022-07,pro,organic,224.4,1
622,2023-03,basic,referral,170.6,1
623,2024-01,enterprise,paid,141.0,0
624,2023-01,basic,referral,306.6,1
625,2023-09,enterprise,organic,98.7,1
626,2024-04,basic,paid,35.0,0
627,2023-10,pro,referral,217.0,0
628,2022-08,basic,organic,463.8,1
629,2023-08,pro,organic,296.0,0
630,2022-09,pro,organic,213.6,1
631,2023-06,enterprise,organic,366.0,0
632,2023-05,pro,organic,219.6,1
633,2024-05,basic,organic,3.0,0
634,2023-03,basic,organic,327.0,1
635,2024-03,basic,paid,77.0,0
636,2023-06,basic,organic,189.8,1
637,2023-11,pro,organic,187.0,0
638,2023-08,pro,paid,124.0,1
639,2023-05,pro,organic,378.8,1
640,2024-05,pro,organic,10.0,0
641,2023-11,pro,organic,204.0,0
642,2022-06,pro,organic,386.8,1
643,2024-04,basic,paid,41.0,0
644,2023-10,basic,organic,229.0,0
645,2023-10,pro,organic,231.0,0
646,2023-09,pro,referral,127.5,1
647,2023-01,basic,referral,493.0,0
648,2023-12,basic,organic,178.0,0
649,2023-07,pro,organic,331.0,0
650,2023-02,basic,paid,234.9,1
651,2023-10,basic,referral,232.0,0
652,2022-07,enterprise,referral,400.8,1
653,2022-06,pro,organic,705.0,0
654,2024-03,basic,organic,86.0,0
655,2023-09,pro,organic,247.0,0
656,2024-01,basic,referral,149.0,0
657,2024-01,pro,referral,134.0,0
658,2023-06,basic,organic,156.0,1
659,2023-04,pro,paid,38.9,1
660,2023-07,basic,organic,306.0,0
661,2023-11,basic,paid,25.7,1
662,2023-11,enterprise,referral,200.0,0
663,2022-06,basic,paid,175.8,1
664,2022-08,basic,organic,171.1,1
665,2024-04,basic,paid,54.0,0
666,2023-02,pro,organic,452.5,1
667,2023-07,pro,referral,328.0,0
668,2023-01,enterprise,organic,381.7,1
669,2023-03,basic,referral,429.0,0
670,2022-08,basic,organic,71.8,1
671,2024-04,basic,organic,48.0,0
672,2023-09,pro,organic,75.8,1
673,2022-06,enterprise,organic,709.0,0
674,2024-01,pro,organic,131.0,0
675,2024-03,pro,paid,91.0,0
676,2022-12,basic,organic,524.0,0
677,2022-11,enterprise,organic,559.0,0
678,2023-02,basic,organic,195.7,1
679,2022-11,basic,organic,507.3,1
680,2023-01,basic,referral,315.0,1
681,2024-02,basic,referral,25.1,1
682,2023-03,basic,organic,423.7,1
683,2022-11,basic,paid,559.0,0
684,2022-09,basic,paid,443.9,1
685,2023-12,pro,referral,177.0,0
686,2024-03,basic,organic,91.0,0
687,2022-11,basic,organic,148.5,1
688,2023-11,enterprise,paid,184.0,0
689,2024-05,pro,referral,22.0,0
690,2022-10,basic,paid,142.7,1
691,2023-06,basic,paid,306.1,1
692,2023-10,enterprise,organic,235.0,0
693,2024-05,basic,paid,8.0,0
694,2024-05,basic,referral,25.0,0
695,2022-11,enterprise,organic,570.0,0
696,2023-06,basic,paid,81.4,1
697,2024-02,pro,organic,107.0,0
698,2023-09,pro,paid,142.1,1
699,2024-02,pro,paid,119.0,0
700,2024-03,basic,paid,81.0,0
701,2023-11,basic,referral,198.0,0
702,2023-05,basic,organic,162.0,1
703,2024-01,basic,organic,151.0,0
704,2023-09,enterprise,organic,247.0,0
705,2023-06,basic,organic,344.0,0
706,2023-08,pro,organic,147.1,1
707,2024-03,pro,organic,92.0,0
708,2024-05,pro,organic,27.0,0
709,2024-05,basic,organic,25.0,0
710,2023-09,basic,organic,252.0,0
711,2023-01,enterprise,paid,295.1,1
712,2024-02,pro,organic,94.0,0
713,2022-11,pro,paid,191.4,1
714,2023-01,enterprise,referral,515.0,0
715,2024-05,pro,paid,2.0,0
716,2024-05,basic,organic,19.0,0
717,2024-01,pro,organic,140.0,0
718,2024-04,basic,paid,40.0,0
719,2023-05,pro,paid,349.5,1
720,2024-05,enterprise,organic,28.0,0
721,2022-11,basic,organic,443.0,1
722,2023-06,basic,paid,354.0,0
723,2022-12,basic,organic,524.0,0
724,2022-12,enterprise,paid,36.6,1
725,2023-06,basic,organic,364.0,0
726,2022-08,basic,organic,666.0,0
727,2022-06,basic,referral,107.8,1
728,2023-09,basic,organic,191.5,1
729,2024-03,basic,paid,90.0,0
730,2023-09,basic,organic,199.3,1
731,2023-12,basic,organic,47.6,1
732,2023-05,basic,referral,382.0,0
733,2023-09,basic,organic,272.0,0
734,2023-06,basic,organic,88.5,1
735,2022-11,basic,referral,168.8,1
736,2023-11,pro,paid,7.1,1
737,2023-05,basic,paid,297.9,1
738,2023-10,basic,organic,41.8,1
739,2022-11,basic,organic,399.7,1
740,2023-02,basic,paid,114.8,1
741,2024-05,basic,organic,6.0,0
742,2023-02,basic,organic,475.0,0
743,2024-01,pro,paid,122.0,0
744,2022-12,basic,organic,237.6,1
745,2023-04,basic,organic,97.2,1
746,2023-08,basic,organic,289.0,0
747,2023-01,basic,organic,93.5,1
748,2022-09,basic,paid,280.1,1
749,2022-11,pro,referral,560.0,0
750,2023-05,pro,organic,392.0,0
751,2022-12,basic,organic,61.0,1
752,2023-08,basic,paid,298.0,0
753,2022-11,basic,organic,241.5,1
754,2022-10,basic,paid,437.6,1
755,2024-02,pro,referral,93.4,1
756,2023-12,basic,paid,84.7,1
757,2023-11,basic,organic,194.0,0
758,2024-02,enterprise,referral,119.0,0
759,2023-08,basic,organic,282.0,0
760,2024-01,basic,referral,138.0,0
761,2023-03,pro,paid,108.7,1
762,2024-03,basic,paid,73.0,0
763,2023-11,basic,referral,194.0,0
764,2023-02,basic,paid,113.2,1
765,2023-08,enterprise,organic,286.0,0
766,2023-08,basic,organic,303.0,0
767,2022-11,basic,paid,493.0,1
768,2022-06,basic,paid,290.4,1
769,2023-04,basic,organic,225.0,1
770,2024-04,pro,paid,56.0,0
771,2024-03,basic,paid,74.0,0
772,2022-07,pro,organic,655.1,1
773,2023-01,pro,organic,244.1,1
774,2022-12,pro,organic,541.0,0
775,2023-02,basic,organic,306.8,1
776,2024-01,pro,organic,129.0,0
777,2023-07,pro,organic,322.0,0
778,2022-11,basic,organic,574.0,0
779,2022-09,pro,organic,429.4,1
780,2023-12,pro,paid,134.2,1
781,2023-03,basic,organic,429.0,0
782,2024-02,enterprise,referral,113.0,0
783,2022-07,basic,referral,306.4,1
784,2023-12,pro,paid,181.0,0
785,2022-12,enterprise,referral,523.0,0
786,2023-12,basic,referral,166.0,0
787,2023-03,pro,organic,233.1,1
788,2023-02,basic,paid,91.3,1
789,2023-10,pro,organic,183.6,1
790,2022-10,pro,paid,458.7,1
791,2022-09,basic,paid,137.7,1
792,2022-09,basic,organic,615.0,0
793,2023-10,basic,organic,238.0,0
794,2022-12,basic,referral,535.0,0
795,2023-04,basic,organic,402.0,0
796,2023-04,basic,organic,208.9,1
797,2023-06,basic,organic,81.1,1
798,2023-03,basic,paid,432.0,0
799,2024-02,pro,referral,97.0,0
800,2023-08,pro,paid,201.9,1
801,2024-01,pro,organic,68.8,1
802,2023-11,basic,organic,196.0,1
803,2024-03,enterprise,organic,92.0,0
804,2024-01,pro,paid,152.0,0
805,2022-11,basic,referral,268.6,1
806,2023-05,basic,paid,369.7,1
807,2024-05,pro,organic,17.0,0
808,2022-11,basic,paid,39.1,1
809,2022-08,basic,organic,39.5,1
810,2022-09,enterprise,paid,633.0,0
811,2022-10,basic,paid,114.1,1
812,2022-06,basic,paid,134.2,1
813,2023-04,enterprise,paid,422.0,0
814,2022-07,pro,referral,693.0,0
815,2022-07,basic,organic,539.2,1
816,2023-10,enterprise,organic,225.0,0
817,2022-09,enterprise,organic,81.0,1
818,2022-11,basic,paid,67.4,1
819,2022-11,pro,paid,435.6,1
820,2022-08,basic,paid,187.5,1
821,2023-08,basic,paid,276.0,0
822,2023-08,pro,organic,288.0,0
823,2023-02,basic,paid,460.0,0
824,2022-12,pro,paid,198.8,1
825,2022-09,pro,organic,273.1,1
826,2022-09,basic,organic,99.9,1
827,2022-12,pro,organic,115.6,1
828,2022-07,basic,organic,605.4,1
829,2024-01,enterprise,paid,128.0,0
830,2022-07,basic,referral,684.0,0
831,2024-04,pro,paid,46.0,0
832,2023-04,pro,organic,387.6,1
833,2024-03,basic,paid,64.0,0
834,2023-04,pro,paid,408.0,0
835,2023-08,pro,organic,280.0,0
836,2024-04,pro,referral,58.0,0
837,2023-02,pro,organic,67.4,1
838,2022-12,enterprise,organic,526.0,0
839,2024-01,basic,organic,125.0,0
840,2023-01,basic,organic,4.9,1
841,2024-01,basic,referral,128.0,0
842,2024-02,pro,organic,98.0,0
843,2024-02,basic,organic,50.6,1
844,2023-03,basic,organic,431.0,0
845,2022-11,basic,organic,560.0,0
846,2023-03,enterprise,organic,429.0,0
847,2022-10,basic,organic,335.4,1
848,2023-04,pro,paid,119.0,1
849,2022-11,basic,organic,574.0,0
850,2022-06,enterprise,paid,333.7,1
851,2023-08,basic,organic,166.3,1
852,2024-02,basic,paid,17.2,1
853,2024-02,pro,referral,97.0,0
854,2023-03,enterprise,organic,430.0,0
855,2023-05,basic,organic,49.1,1
856,2024-01,basic,referral,132.0,0
857,2022-09,pro,paid,635.0,0
858,2022-07,enterprise,paid,688.0,0
859,2023-12,basic,organic,127.4,1
860,2024-01,basic,organic,148.0,0
861,2023-12,pro,paid,154.0,0
862,2023-08,pro,referral,142.3,1
863,2022-09,pro,organic,614.0,0
864,2023-03,pro,paid,429.0,0
865,2024-04,basic,paid,48.0,0
866,2023-06,enterprise,organic,168.9,1
867,2024-03,pro,organic,65.0,0
868,2023-08,pro,organic,254.7,1
869,2023-08,basic,organic,290.0,0
870,2023-02,basic,paid,411.0,1
871,2023-05,pro,organic,93.1,1
872,2022-09,basic,organic,629.0,0
873,2024-05,enterprise,paid,11.0,0
874,2022-11,basic,paid,93.0,1
875,2024-05,pro,paid,16.0,0
876,2023-10,enterprise,paid,219.0,0
877,2022-09,basic,organic,119.9,1
878,2023-01,basic,paid,402.8,1
879,2024-01,pro,organic,123.0,0
880,2023-06,pro,organic,353.0,0
881,2022-12,basic,organic,519.0,0
882,2022-07,pro,paid,175.0,1
883,2023-03,enterprise,paid,456.0,0
884,2024-05,basic,organic,17.0,0
885,2023-06,basic,referral,73.8,1
886,2024-02,basic,referral,110.0,0
887,2024-04,basic,organic,34.0,0
888,2023-03,basic,paid,352.4,1
889,2022-11,basic,organic,71.2,1
890,2024-05,pro,referral,25.0,0
891,2022-11,basic,organic,167.8,1
892,2023-01,enterprise,organic,232.8,1
893,2022-12,basic,organic,459.8,1
894,2023-12,basic,organic,176.0,0
895,2023-08,pro,paid,208.4,1
896,2024-03,enterprise,paid,86.0,0
897,2023-12,basic,organic,172.0,0
898,2023-10,basic,paid,164.8,1
899,2023-10,basic,referral,162.3,1
900,2024-01,basic,paid,126.0,0
901,2024-01,basic,paid,135.0,0
902,2022-08,basic,organic,158.8,1
903,2022-11,basic,organic,127.2,1
904,2023-09,basic,referral,46.9,1
905,2022-07,enterprise,paid,682.0,0
906,2023-12,pro,paid,71.7,1
907,2023-08,basic,referral,179.3,1
908,2022-10,basic,organic,170.9,1
909,2023-07,basic,paid,298.4,1
910,2023-12,basic,organic,168.0,0
911,2023-09,pro,organic,265.0,0
912,2023-06,enterprise,paid,360.0,0
913,2023-03,enterprise,organic,446.0,0
914,2023-08,enterprise,referral,149.2,1
915,2023-07,enterprise,organic,310.0,0
916,2023-11,enterprise,referral,137.5,1
917,2023-05,basic,paid,199.0,1
918,2023-12,basic,paid,70.0,1
919,2022-09,basic,referral,590.2,1
920,2022-12,pro,organic,290.7,1
921,2023-08,basic,organic,251.9,1
922,2022-12,pro,organic,75.4,1
923,2024-05,pro,organic,5.0,0
924,2023-09,basic,referral,248.0,0
925,2023-07,basic,paid,27.5,1
926,2023-06,basic,organic,338.0,0
927,2022-12,basic,organic,207.2,1
928,2022-07,pro,paid,693.0,0
929,2023-09,pro,paid,273.0,0
930,2023-09,pro,organic,252.0,0
931,2023-03,basic,paid,178.5,1
932,2023-11,basic,paid,169.5,1
933,2024-02,basic,paid,101.0,0
934,2022-07,pro,organic,209.6,1
935,2022-10,pro,paid,8.9,1
936,2022-07,basic,organic,461.7,1
937,2023-12,enterprise,organic,156.0,0
938,2024-05,basic,paid,12.0,0
939,2023-07,enterprise,paid,213.8,1
940,2022-07,basic,organic,396.1,1
941,2024-02,basic,referral,99.0,0
942,2024-03,pro,organic,84.0,0
943,2024-04,basic,paid,49.0,0
944,2022-11,basic,referral,136.3,1
945,2022-11,basic,paid,194.4,1
946,2023-01,basic,referral,393.5,1
947,2024-04,pro,paid,38.0,0
948,2022-12,pro,paid,271.1,1
949,2023-07,enterprise,paid,323.0,0
950,2024-02,basic,paid,68.1,1
951,2023-11,basic,organic,212.0,0
952,2023-06,basic,paid,360.0,0
953,2023-10,basic,organic,237.0,0
954,2022-07,basic,referral,344.7,1
955,2023-06,enterprise,organic,128.3,1
956,2023-09,enterprise,organic,267.0,0
957,2023-02,pro,referral,484.0,0
958,2023-02,basic,organic,350.4,1
959,2024-05,basic,organic,1.0,0
960,2023-03,basic,paid,67.5,1
961,2023-12,basic,organic,175.0,0
962,2023-09,basic,organic,218.9,1
963,2023-01,basic,paid,86.8,1
964,2023-04,basic,organic,136.4,1
965,2023-09,enterprise,organic,265.0,0
966,2024-02,basic,organic,120.0,0
967,2023-06,enterprise,organic,363.0,0
968,2023-10,basic,organic,229.0,0
969,2022-08,pro,organic,657.0,0
970,2023-05,basic,paid,265.1,1
971,2022-09,basic,paid,584.3,1
972,2023-08,basic,organic,280.0,0
973,2022-10,basic,organic,104.9,1
974,2024-04,enterprise,referral,40.0,0
975,2023-10,basic,paid,214.0,0
976,2024-04,pro,organic,56.0,0
977,2024-05,basic,paid,22.0,0
978,2022-08,basic,organic,286.6,1
979,2023-01,basic,referral,516.0,0
980,2023-03,basic,referral,152.1,1
981,2023-05,enterprise,referral,383.0,0
982,2023-04,pro,organic,410.0,0
983,2023-02,pro,organic,204.4,1
984,2022-10,basic,organic,222.1,1
985,2023-03,basic,organic,359.5,1
986,2022-12,enterprise,organic,386.8,1
987,2023-11,basic,paid,42.7,1
988,2022-06,basic,organic,703.0,0
989,2024-05,basic,referral,22.0,0
990,2023-08,pro,organic,278.0,0
991,2022-09,pro,organic,424.8,1
992,2024-01,pro,referral,129.0,0
993,2024-02,pro,paid,101.0,0
994,2023-09,basic,organic,263.0,0
995,2023-07,enterprise,paid,182.5,1
996,2022-07,basic,organic,370.9,1
997,2022-10,pro,organic,103.9,1
998,2023-07,basic,paid,273.5,1
999,2022-07,enterprise,organic,218.4,1
1000,2023-02,basic,paid,181.4,1
1001,2022-09,basic,organic,366.2,1
1002,2023-12,basic,paid,118.9,1
1003,2023-06,basic,paid,88.7,1
1004,2024-05,basic,organic,21.0,0
1005,2024-05,pro,organic,6.0,0
1006,2023-01,basic,organic,239.6,1
1007,2024-03,enterprise,paid,85.0,0
1008,2023-05,basic,paid,235.7,1
1009,2023-01,pro,paid,138.9,1
1010,2024-05,basic,organic,23.0,0
1011,2023-07,pro,organic,323.0,0
1012,2023-01,pro,paid,219.2,1
1013,2022-08,basic,organic,13.6,1
1014,2023-10,enterprise,paid,215.0,0
1015,2022-07,basic,organic,508.7,1
1016,2022-10,basic,organic,579.9,1
1017,2023-02,pro,paid,174.0,1
1018,2023-08,pro,paid,282.0,0
1019,2023-01,basic,paid,254.7,1
1020,2022-10,basic,organic,542.7,1
1021,2023-10,enterprise,referral,206.2,1
1022,2022-06,pro,referral,590.2,1
1023,2022-08,enterprise,referral,635.8,1
1024,2023-06,basic,paid,349.0,0
1025,2022-12,pro,paid,520.0,0
1026,2023-05,basic,paid,377.0,0
1027,2022-12,enterprise,organic,547.0,0
1028,2022-10,basic,organic,304.2,1
1029,2024-05,pro,paid,16.0,0
1030,2024-04,basic,organic,56.0,0
1031,2023-10,pro,organic,242.0,0
1032,2022-08,pro,referral,660.0,0
1033,2023-08,basic,organic,286.0,0
1034,2022-09,enterprise,paid,639.0,0
1035,2023-07,basic,paid,332.0,0
1036,2023-11,pro,organic,207.0,0
1037,2022-08,basic,referral,64.7,1
1038,2023-04,basic,organic,214.5,1
1039,2023-09,basic,referral,259.0,0
1040,2024-05,basic,paid,7.9,1
1041,2024-03,basic,organic,22.1,1
1042,2024-02,pro,organic,100.0,0
1043,2023-09,pro,organic,262.0,0
1044,2023-03,pro,organic,225.4,1
1045,2023-10,basic,organic,31.5,1
1046,2024-04,basic,referral,47.0,0
1047,2023-11,basic,organic,190.0,0
1048,2023-08,pro,referral,294.0,0
1049,2022-06,pro,organic,28.6,1
1050,2023-08,basic,referral,282.0,0
1051,2024-03,pro,organic,64.0,0
1052,2023-04,basic,organic,103.9,1
1053,2022-08,basic,paid,441.1,1
1054,2022-11,basic,organic,367.9,1
1055,2022-10,basic,referral,592.9,1
1056,2022-08,pro,organic,668.0,0
1057,2023-03,enterprise,paid,458.0,0
1058,2022-06,basic,paid,172.3,1
1059,2024-05,basic,paid,23.0,0
1060,2022-10,pro,organic,356.8,1
1061,2022-09,enterprise,organic,617.0,0
1062,2022-08,pro,organic,61.4,1
1063,2023-06,basic,organic,231.6,1
1064,2022-11,pro,organic,44.4,1
1065,2024-01,basic,referral,140.0,0
1066,2023-03,enterprise,paid,434.0,0
1067,2023-09,basic,paid,90.7,1
1068,2023-03,pro,organic,148.0,1
1069,2023-02,basic,organic,486.0,0
1070,2023-09,basic,paid,148.7,1
1071,2023-12,enterprise,organic,155.0,0
1072,2023-10,pro,organic,231.0,0
1073,2023-02,basic,paid,178.0,1
1074,2023-01,enterprise,paid,487.0,0
1075,2022-12,pro,referral,533.0,0
1076,2024-03,basic,organic,85.0,1
1077,2022-10,basic,paid,204.4,1
1078,2023-01,basic,organic,129.3,1
1079,2024-05,pro,organic,21.0,0
1080,2023-10,basic,paid,5.4,1
1081,2023-07,basic,organic,327.9,1
1082,2023-09,enterprise,paid,259.0,0
1083,2024-03,enterprise,organic,84.0,0
1084,2024-01,pro,organic,149.0,0
1085,2024-05,enterprise,referral,17.0,0
1086,2024-03,pro,organic,67.0,0
1087,2023-11,pro,paid,191.0,0
1088,2022-10,pro,organic,590.0,0
1089,2023-05,basic,referral,113.6,1
1090,2023-08,basic,organic,105.4,1
1091,2023-02,basic,organic,393.7,1
1092,2023-05,pro,paid,173.5,1
1093,2024-02,basic,organic,94.0,0
1094,2023-12,basic,organic,140.0,1
1095,2023-12,pro,referral,160.0,0
1096,2023-03,basic,paid,185.1,1
1097,2023-07,basic,paid,332.0,0
1098,2023-08,pro,paid,279.0,0
1099,2023-04,pro,referral,235.3,1
1100,2022-07,basic,referral,480.1,1
1101,2023-10,basic,paid,226.0,0
1102,2023-05,basic,organic,374.0,0
1103,2023-06,pro,organic,345.0,0
1104,2023-01,pro,paid,159.2,1
1105,2022-12,basic,referral,498.6,1
1106,2022-12,pro,paid,145.3,1
1107,2024-01,basic,organic,89.7,1
1108,2023-07,basic,organic,323.0,0
1109,2022-10,enterprise,paid,184.3,1
1110,2023-09,basic,referral,274.0,0
1111,2022-06,basic,organic,344.0,1
1112,2023-09,basic,paid,262.0,0
1113,2023-06,pro,paid,358.0,0
1114,2023-06,enterprise,referral,341.0,0
1115,2023-07,enterprise,organic,312.0,0
1116,2022-10,basic,referral,131.8,1
1117,2024-02,basic,paid,111.0,0
1118,2023-04,pro,paid,39.5,1
1119,2023-03,basic,organic,263.0,1
1120,2022-09,enterprise,paid,324.2,1
1121,2023-03,pro,paid,438.0,0
1122,2022-07,basic,organic,261.5,1
1123,2022-09,pro,organic,513.0,1
1124,2023-09,basic,paid,34.8,1
1125,2022-09,basic,paid,33.8,1
1126,2022-07,pro,organic,690.0,0
1127,2023-11,basic,organic,185.0,0
1128,2023-03,pro,organic,287.4,1
1129,2023-11,pro,referral,202.0,0
1130,2023-02,enterprise,referral,467.0,0
1131,2024-03,enterprise,organic,67.0,0
1132,2022-12,basic,organic,120.3,1
1133,2023-08,basic,organic,302.0,0
1134,2023-04,pro,paid,271.9,1
1135,2024-05,enterprise,referral,18.0,0
1136,2023-01,basic,paid,35.1,1
1137,2023-06,basic,organic,357.0,0
1138,2023-03,basic,organic,450.0,0
1139,2023-10,basic,organic,227.0,0
1140,2024-02,pro,referral,104.0,0
1141,2023-07,basic,paid,120.1,1
1142,2022-07,pro,paid,679.0,0
1143,2023-12,pro,organic,164.0,0
1144,2023-02,pro,referral,265.1,1
1145,2024-04,basic,organic,35.0,0
1146,2023-01,basic,referral,517.0,0
1147,2023-12,pro,referral,54.5,1
1148,2023-07,pro,paid,325.0,0
1149,2023-09,basic,referral,264.0,0
1150,2024-03,enterprise,organic,81.0,0
1151,2023-09,basic,paid,106.6,1
1152,2023-09,enterprise,organic,252.0,0
1153,2023-05,basic,paid,250.2,1
1154,2022-07,basic,organic,194.2,1
1155,2023-06,basic,organic,62.3,1
1156,2022-08,basic,organic,112.2,1
1157,2023-07,basic,organic,332.0,0
1158,2024-03,basic,paid,77.0,0
1159,2023-12,basic,paid,52.1,1
1160,2023-08,pro,organic,293.0,0
1161,2023-10,basic,referral,234.0,0
1162,2022-09,pro,referral,623.0,0
1163,2023-01,pro,organic,147.8,1
1164,2023-04,basic,organic,416.0,0
1165,2023-06,basic,paid,316.6,1
1166,2023-08,pro,paid,206.1,1
1167,2023-03,pro,organic,440.0,0
1168,2024-03,basic,paid,89.0,0
1169,2024-02,pro,organic,117.0,0
1170,2023-10,basic,organic,218.0,0
1171,2024-01,basic,paid,6.2,1
1172,2023-01,pro,paid,487.0,0
1173,2024-05,basic,referral,17.0,0
1174,2024-02,pro,organic,115.0,0
1175,2022-08,basic,organic,649.0,0
1176,2022-06,pro,organic,718.0,0
1177,2023-06,basic,organic,286.5,1
1178,2023-06,basic,organic,356.0,0
1179,2022-11,basic,paid,354.0,1
1180,2024-05,basic,paid,23.2,1
1181,2023-07,pro,paid,304.3,1
1182,2024-03,basic,organic,51.2,1
1183,2023-08,basic,organic,288.0,0
1184,2022-06,basic,paid,399.3,1
1185,2022-12,basic,organic,228.9,1
1186,2022-06,pro,referral,709.0,0
1187,2022-12,basic,organic,537.0,0
1188,2023-03,enterprise,paid,437.0,0
1189,2022-12,basic,referral,543.0,0
1190,2023-02,pro,paid,141.2,1
1191,2023-07,basic,paid,318.8,1
1192,2023-11,basic,paid,14.0,1
1193,2023-05,enterprise,organic,374.0,0
1194,2023-11,enterprise,paid,186.0,0
1195,2023-06,enterprise,referral,350.0,0
1196,2024-02,basic,referral,105.0,0
1197,2023-04,basic,organic,83.1,1
1198,2023-12,pro,organic,142.6,1
1199,2023-11,basic,paid,211.0,0
1200,2023-06,pro,paid,341.5,1
1201,2024-02,pro,organic,117.0,0
1202,2022-07,pro,organic,692.0,0
1203,2023-07,pro,organic,321.0,0
1204,2023-09,pro,paid,253.0,0
1205,2024-05,basic,organic,21.0,0
1206,2022-10,basic,organic,340.4,1
1207,2023-03,pro,organic,450.0,0
1208,2023-08,basic,referral,93.2,1
1209,2023-12,basic,organic,176.0,0
1210,2022-12,basic,organic,65.2,1
1211,2022-07,pro,paid,154.7,1
1212,2023-09,pro,organic,274.0,0
1213,2024-02,pro,referral,97.0,0
1214,2024-03,basic,referral,78.0,0
1215,2024-05,basic,organic,4.0,0
1216,2022-12,basic,organic,535.0,0
1217,2022-06,basic,organic,46.8,1
1218,2022-06,pro,organic,333.1,1
1219,2022-11,pro,organic,308.0,1
1220,2024-02,basic,organic,116.0,0
1221,2022-06,basic,organic,253.1,1
1222,2023-10,basic,paid,132.5,1
1223,2023-10,enterprise,organic,240.0,0
1224,2023-01,pro,organic,494.0,0
1225,2024-04,basic,paid,35.0,0
1226,2022-10,enterprise,organic,594.0,0
1227,2022-06,basic,organic,205.9,1
1228,2022-11,basic,organic,257.1,1
1229,2022-11,enterprise,organic,562.0,0
1230,2023-08,basic,organic,153.7,1
1231,2024-04,basic,referral,47.0,0
1232,2022-11,pro,referral,464.0,1
1233,2023-03,basic,organic,186.5,1
1234,2022-08,pro,organic,276.1,1
1235,2024-03,basic,paid,83.0,0
1236,2023-10,basic,paid,219.0,0
1237,2023-09,basic,organic,259.0,0
1238,2023-01,basic,organic,188.4,1
1239,2022-11,basic,organic,504.1,1
1240,2022-07,basic,paid,482.1,1
1241,2023-11,pro,organic,212.0,0
1242,2023-06,basic,organic,355.0,0
1243,2024-05,basic,organic,9.5,1
1244,2023-12,basic,organic,182.0,0
1245,2023-09,basic,paid,269.0,0
1246,2023-04,basic,paid,39.1,1
1247,2023-06,pro,paid,29.7,1
1248,2023-09,basic,organic,262.0,0
1249,2023-03,enterprise,organic,171.3,1
1250,2022-10,enterprise,referral,596.0,0
1251,2023-12,basic,paid,97.8,1
1252,2023-09,basic,organic,246.0,0
1253,2023-01,basic,organic,350.4,1
1254,2022-11,pro,referral,560.0,0
1255,2022-10,basic,paid,118.9,1
1256,2024-01,pro,referral,150.0,0
1257,2023-05,pro,paid,303.3,1
1258,2022-08,pro,organic,243.1,1
1259,2023-08,basic,organic,282.0,0
1260,2023-07,enterprise,organic,151.2,1
1261,2022-06,basic,paid,269.7,1
1262,2024-03,basic,paid,81.0,0
1263,2023-01,basic,organic,508.0,0
1264,2022-09,enterprise,referral,612.0,0
1265,2024-02,pro,organic,108.0,0
1266,2023-01,pro,organic,391.9,1
1267,2023-06,basic,organic,208.2,1
1268,2022-09,enterprise,referral,614.0,0
1269,2022-08,basic,referral,436.3,1
1270,2022-09,basic,paid,90.5,1
1271,2024-04,enterprise,referral,46.0,0
1272,2022-12,basic,referral,278.0,1
1273,2022-08,basic,referral,92.5,1
1274,2023-03,pro,referral,447.0,0
1275,2023-03,basic,organic,215.4,1
1276,2024-04,basic,paid,27.9,1
1277,2022-09,basic,paid,187.6,1
1278,2024-04,basic,paid,14.8,1
1279,2023-10,pro,organic,225.0,0
1280,2022-08,pro,paid,242.4,1
1281,2022-07,basic,referral,556.6,1
1282,2022-06,basic,organic,714.0,0
1283,2023-06,basic,referral,5.2,1
1284,2024-01,pro,organic,127.0,0
1285,2023-06,enterprise,organic,52.3,1
1286,2024-03,enterprise,organic,73.0,0
1287,2022-09,basic,paid,45.6,1
1288,2023-04,basic,paid,19.4,1
1289,2023-08,basic,organic,245.2,1
1290,2024-04,pro,paid,0.7,1
1291,2023-08,basic,organic,136.7,1
1292,2022-09,pro,organic,380.4,1
1293,2023-01,pro,referral,356.9,1
1294,2024-04,basic,paid,59.0,0
1295,2024-02,basic,paid,115.0,0
1296,2023-08,basic,paid,282.0,0
1297,2024-03,basic,referral,72.0,0
1298,2022-07,basic,organic,513.3,1
1299,2023-02,pro,organic,388.9,1
1300,2024-03,basic,organic,68.0,0
1301,2022-11,basic,paid,137.0,1
1302,2023-09,pro,paid,69.3,1
1303,2023-12,pro,paid,27.8,1
1304,2023-04,basic,organic,72.3,1
1305,2024-05,pro,organic,9.0,0
1306,2023-07,enterprise,paid,335.0,0
1307,2022-10,pro,referral,77.6,1
1308,2022-08,pro,organic,668.0,0
1309,2023-09,basic,organic,246.0,0
1310,2023-02,enterprise,organic,462.0,0
1311,2023-12,basic,organic,163.0,0
1312,2023-04,enterprise,organic,400.0,1
1313,2023-12,pro,organic,182.0,0
1314,2023-04,basic,paid,91.9,1
1315,2024-01,basic,organic,123.0,0
1316,2022-07,pro,organic,618.3,1
1317,2022-09,pro,organic,585.6,1
1318,2023-10,basic,referral,242.0,0
1319,2022-11,pro,organic,196.5,1
1320,2024-03,pro,organic,68.0,0
1321,2022-12,basic,organic,533.0,0
1322,2023-11,basic,paid,203.0,0
1323,2024-02,basic,referral,97.0,0
1324,2023-01,pro,organic,22.5,1
1325,2023-06,basic,organic,193.6,1
1326,2023-05,enterprise,organic,381.0,0
1327,2023-05,basic,paid,44.0,1
1328,2024-04,pro,referral,42.0,0
1329,2024-04,basic,organic,36.0,0
1330,2023-03,basic,organic,280.3,1
1331,2023-03,pro,paid,449.0,0
1332,2024-04,basic,paid,33.0,0
1333,2023-09,basic,organic,272.0,0
1334,2023-03,enterprise,organic,441.0,0
1335,2023-02,enterprise,organic,472.0,0
1336,2022-10,pro,paid,363.0,1
1337,2023-08,basic,paid,302.0,0
1338,2023-05,pro,paid,83.4,1
1339,2023-04,enterprise,referral,416.0,0
1340,2023-10,basic,organic,224.0,0
1341,2024-04,basic,organic,38.0,0
1342,2024-05,pro,organic,3.0,0
1343,2022-10,basic,referral,602.0,0
1344,2024-01,pro,paid,144.0,0
1345,2023-03,enterprise,organic,453.0,0
1346,2023-04,pro,organic,133.1,1
1347,2023-08,basic,paid,73.7,1
1348,2022-10,basic,paid,90.0,1
1349,2023-01,basic,paid,152.8,1
1350,2024-05,basic,organic,16.0,0
1351,2022-11,pro,referral,276.1,1
1352,2023-06,pro,paid,71.6,1
1353,2023-09,basic,paid,108.5,1
1354,2022-12,basic,paid,106.9,1
1355,2023-01,enterprise,referral,336.8,1
1356,2023-10,basic,referral,223.0,0
1357,2022-06,basic,paid,372.0,1
1358,2023-02,basic,organic,467.0,0
1359,2023-03,pro,organic,436.0,0
1360,2024-04,basic,referral,50.0,0
1361,2023-11,pro,paid,201.0,0
1362,2023-07,basic,organic,321.0,0
1363,2023-03,pro,organic,454.0,0
1364,2023-05,basic,referral,33.7,1
1365,2022-11,basic,referral,482.7,1
1366,2023-11,basic,referral,189.0,0
1367,2023-01,basic,organic,352.7,1
1368,2022-10,basic,paid,306.0,1
1369,2022-11,basic,referral,241.6,1
1370,2022-11,basic,organic,207.3,1
1371,2022-09,basic,organic,639.0,0
1372,2024-04,enterprise,referral,60.0,0
1373,2023-01,basic,organic,501.0,0
1374,2022-07,pro,paid,180.3,1
1375,2023-04,enterprise,paid,72.6,1
1376,2023-12,basic,paid,44.2,1
1377,2022-06,pro,organic,719.0,0
1378,2024-01,enterprise,paid,125.0,0
1379,2023-10,pro,organic,172.8,1
1380,2024-01,basic,referral,112.3,1
1381,2023-07,basic,organic,334.0,0
1382,2023-08,basic,paid,223.3,1
1383,2023-06,basic,paid,353.0,0
1384,2022-08,enterprise,organic,668.0,0
1385,2023-06,enterprise,organic,344.0,0
1386,2023-05,basic,paid,232.7,1
1387,2022-09,pro,organic,638.0,0
1388,2022-10,basic,organic,95.4,1
1389,2023-12,enterprise,paid,172.0,0
1390,2024-05,basic,referral,8.8,1
1391,2023-03,enterprise,paid,189.9,1
1392,2022-10,pro,organic,117.4,1
1393,2023-04,basic,referral,173.7,1
1394,2024-01,basic,paid,152.0,0
1395,2022-12,pro,organic,533.0,0
1396,2023-02,basic,organic,59.0,1
1397,2023-04,basic,organic,406.0,0
1398,2022-09,enterprise,organic,621.0,0
1399,2022-11,pro,paid,216.6,1
1400,2023-02,basic,organic,480.0,0
1401,2023-02,basic,paid,361.6,1
1402,2023-02,basic,organic,308.6,1
1403,2023-05,enterprise,organic,378.0,0
1404,2023-07,basic,organic,184.4,1
1405,2023-01,basic,paid,510.0,0
1406,2023-03,basic,paid,205.7,1
1407,2023-06,enterprise,organic,352.0,0
1408,2024-03,basic,organic,91.0,0
1409,2023-01,pro,organic,505.0,0
1410,2023-02,pro,referral,465.0,0
1411,2023-09,pro,organic,165.0,1
1412,2023-09,enterprise,paid,256.0,0
1413,2023-12,pro,organic,177.0,0
1414,2022-07,enterprise,organic,692.0,0
1415,2022-09,basic,paid,353.6,1
1416,2023-04,pro,paid,403.0,0
1417,2023-08,basic,organic,77.6,1
1418,2022-12,basic,referral,464.6,1
1419,2023-05,enterprise,organic,379.0,0
1420,2022-06,enterprise,organic,580.5,1
1421,2024-04,pro,organic,39.0,0
1422,2024-05,basic,paid,24.0,0
1423,2023-04,basic,paid,7.5,1
1424,2024-01,basic,organic,146.0,0
1425,2023-03,basic,referral,413.9,1
1426,2022-11,basic,paid,280.2,1
1427,2024-02,basic,referral,30.7,1
1428,2023-07,basic,referral,317.0,0
1429,2023-01,pro,referral,495.0,0
1430,2022-10,basic,paid,18.5,1
1431,2023-06,enterprise,organic,70.2,1
1432,2024-01,pro,organic,148.0,0
1433,2023-04,basic,paid,277.2,1
1434,2023-07,basic,organic,182.4,1
1435,2022-11,basic,paid,73.4,1
1436,2023-04,enterprise,organic,400.0,0
1437,2023-11,basic,referral,201.0,0
1438,2022-12,basic,organic,437.0,1
1439,2023-05,enterprise,referral,372.0,0
1440,2024-01,enterprise,organic,127.0,0
1441,2023-04,basic,organic,130.9,1
1442,2022-07,basic,referral,682.0,0
1443,2023-01,basic,referral,463.5,1
1444,2023-10,basic,paid,71.2,1
1445,2023-01,basic,referral,457.9,1
1446,2023-11,pro,organic,203.0,0
1447,2023-05,enterprise,referral,113.7,1
1448,2023-05,basic,organic,379.0,0
1449,2023-12,pro,paid,74.0,1
1450,2023-09,basic,organic,250.0,0
1451,2022-07,pro,organic,483.5,1
1452,2023-12,pro,paid,180.0,0
1453,2022-11,pro,paid,370.7,1
1454,2023-02,enterprise,organic,480.0,0
1455,2023-05,basic,referral,383.0,0
1456,2024-02,basic,paid,99.0,0
1457,2024-01,basic,organic,147.0,0
1458,2024-01,basic,paid,85.3,1
1459,2023-04,enterprise,organic,422.0,0
1460,2022-07,basic,organic,298.3,1
1461,2022-09,pro,paid,631.0,0
1462,2024-05,basic,organic,18.0,0
1463,2023-11,basic,organic,197.0,0
1464,2024-02,basic,paid,113.0,0
1465,2022-06,pro,organic,257.4,1
1466,2023-12,pro,referral,169.0,0
1467,2024-01,basic,paid,144.0,0
1468,2023-03,basic,organic,152.2,1
1469,2023-04,pro,paid,400.0,0
1470,2023-12,basic,organic,162.0,0
1471,2023-02,enterprise,paid,305.5,1
1472,2024-03,basic,organic,69.0,0
1473,2024-05,basic,referral,13.0,0
1474,2024-04,basic,organic,59.0,0
1475,2023-09,basic,paid,225.6,1
1476,2022-06,basic,organic,230.8,1
1477,2023-05,basic,organic,317.0,1
1478,2022-12,enterprise,paid,308.6,1
1479,2023-10,basic,paid,99.8,1
1480,2023-01,basic,referral,50.6,1
1481,2022-07,basic,organic,394.6,1
1482,2023-09,basic,organic,257.0,0
1483,2022-06,pro,organic,663.1,1
1484,2023-02,basic,organic,459.0,0
1485,2022-12,pro,referral,538.0,0
1486,2023-12,basic,referral,106.7,1
1487,2023-02,enterprise,referral,463.0,0
1488,2023-05,basic,organic,367.0,0
1489,2022-07,enterprise,organic,599.4,1
1490,2022-08,basic,paid,6.5,1
1491,2023-08,basic,organic,285.0,0
1492,2022-07,pro,paid,128.7,1
1493,2022-09,pro,organic,150.9,1
1494,2023-04,pro,organic,425.0,0
1495,2024-04,basic,referral,59.0,0
1496,2024-02,pro,organic,115.0,0
1497,2024-04,pro,referral,55.0,0
1498,2024-03,pro,organic,77.0,0
1499,2022-06,basic,organic,703.0,0
1500,2024-01,pro,organic,152.0,0
1501,2023-01,pro,organic,146.7,1
1502,2023-03,enterprise,paid,458.0,0
1503,2023-03,basic,organic,246.0,1
1504,2024-01,basic,paid,148.0,0
1505,2023-04,pro,referral,417.0,0
1506,2023-03,basic,organic,191.4,1
1507,2023-04,pro,organic,410.0,0
1508,2024-01,basic,organic,129.2,1
1509,2022-12,basic,paid,326.0,1
1510,2024-04,pro,paid,52.0,0
1511,2023-04,basic,organic,379.5,1
1512,2023-07,basic,paid,265.5,1
1513,2023-12,pro,paid,142.5,1
1514,2022-10,pro,organic,392.2,1
1515,2024-01,enterprise,organic,126.0,0
1516,2022-07,basic,referral,121.8,1
1517,2022-09,basic,organic,402.7,1
1518,2023-09,enterprise,organic,259.0,0
1519,2023-10,basic,organic,219.0,0
1520,2024-02,basic,paid,98.0,0
1521,2022-08,basic,organic,221.1,1
1522,2023-03,basic,organic,101.4,1
1523,2024-05,enterprise,organic,22.0,0
1524,2023-05,pro,paid,367.0,0
1525,2024-04,pro,organic,61.0,0
1526,2023-04,basic,referral,413.0,0
1527,2023-06,basic,organic,153.1,1
1528,2024-04,basic,organic,59.0,0
1529,2022-10,basic,referral,290.4,1
1530,2023-11,basic,referral,188.0,0
1531,2023-05,basic,organic,127.4,1
1532,2023-02,basic,referral,460.0,0
1533,2022-07,pro,paid,533.3,1
1534,2023-06,pro,organic,86.9,1
1535,2022-08,basic,referral,315.5,1
1536,2023-09,basic,paid,220.1,1
1537,2022-09,pro,organic,205.7,1
1538,2023-12,pro,paid,64.6,1
1539,2023-01,pro,organic,509.0,0
1540,2024-03,basic,organic,63.0,0
1541,2022-06,pro,referral,709.0,0
1542,2022-07,basic,paid,14.4,1
1543,2023-07,basic,paid,318.0,0
1544,2023-05,basic,paid,330.0,1
1545,2023-03,basic,paid,430.0,0
1546,2023-11,basic,organic,118.0,1
1547,2023-02,basic,referral,20.4,1
1548,2023-01,pro,paid,432.3,1
1549,2023-05,basic,paid,290.6,1
1550,2024-02,basic,paid,106.0,0
1551,2022-08,basic,organic,613.9,1
1552,2024-03,basic,organic,82.0,0
1553,2023-03,basic,organic,453.0,0
1554,2024-03,basic,organic,27.4,1
1555,2024-02,basic,paid,36.4,1
1556,2024-05,pro,referral,14.0,0
1557,2023-09,enterprise,organic,261.0,0
1558,2023-02,basic,organic,8.5,1
1559,2023-05,pro,paid,90.7,1
1560,2023-02,pro,organic,229.5,1
1561,2023-02,enterprise,referral,486.0,0
1562,2024-02,pro,organic,100.0,0
1563,2024-04,enterprise,organic,41.0,0
1564,2023-03,enterprise,organic,450.0,0
1565,2023-02,pro,referral,343.6,1
1566,2023-04,basic,organic,151.4,1
1567,2023-12,basic,paid,176.0,0
1568,2022-10,basic,organic,583.0,0
1569,2024-04,basic,organic,54.0,0
1570,2023-03,basic,referral,107.7,1
1571,2024-03,basic,organic,86.0,0
1572,2023-02,pro,organic,471.0,0
1573,2023-08,pro,paid,32.3,1
1574,2023-01,pro,referral,331.7,1
1575,2024-04,basic,organic,37.0,0
1576,2023-04,basic,organic,104.8,1
1577,2024-02,pro,referral,104.0,0
1578,2023-01,pro,paid,14.7,1
1579,2024-03,enterprise,referral,86.0,0
1580,2024-04,enterprise,paid,52.0,0
1581,2023-01,enterprise,paid,513.0,0
1582,2024-04,basic,organic,45.0,0
1583,2023-12,basic,organic,161.0,0
1584,2022-10,basic,paid,143.3,1
1585,2022-10,pro,paid,267.1,1
1586,2022-09,enterprise,referral,82.0,1
1587,2023-10,basic,paid,213.2,1
1588,2023-05,pro,organic,179.6,1
1589,2022-11,basic,paid,136.1,1
1590,2024-02,basic,paid,98.0,0
1591,2022-12,basic,organic,521.0,0
1592,2024-03,basic,paid,70.0,0
1593,2022-08,enterprise,paid,312.4,1
1594,2023-03,basic,organic,458.0,0
1595,2023-06,pro,paid,119.5,1
1596,2023-06,pro,paid,302.0,1
1597,2024-01,basic,referral,130.0,0
1598,2023-09,basic,organic,107.5,1
1599,2022-12,pro,paid,392.0,1
1600,2023-05,basic,paid,150.0,1
1601,2023-05,enterprise,paid,333.5,1
1602,2024-01,basic,organic,140.0,0
1603,2023-01,pro,referral,497.0,0
1604,2023-08,pro,referral,282.0,0
1605,2024-01,basic,paid,131.0,0
1606,2022-07,basic,paid,137.3,1
1607,2023-06,enterprise,organic,364.0,0
1608,2023-05,basic,paid,18.6,1
1609,2022-06,basic,organic,358.7,1
1610,2023-09,basic,paid,263.0,0
1611,2022-07,basic,organic,56.2,1
1612,2023-01,pro,paid,289.3,1
1613,2023-03,pro,organic,306.0,1
1614,2023-12,basic,paid,121.9,1
1615,2024-04,pro,paid,37.0,0
1616,2023-07,basic,organic,315.0,0
1617,2024-05,basic,organic,7.0,0
1618,2024-04,pro,referral,14.0,1
1619,2023-03,enterprise,paid,428.0,0
1620,2022-12,basic,organic,167.6,1
1621,2024-02,basic,organic,120.0,0
1622,2022-12,basic,organic,254.3,1
1623,2022-07,pro,paid,124.6,1
1624,2022-12,basic,paid,6.2,1
1625,2022-11,basic,organic,564.0,0
1626,2023-01,pro,paid,214.1,1
1627,2023-12,basic,paid,114.2,1
1628,2023-09,basic,paid,259.0,0
1629,2022-07,basic,organic,71.2,1
1630,2023-02,basic,organic,314.8,1
1631,2022-11,basic,organic,568.0,0
1632,2022-07,pro,organic,128.3,1
1633,2023-12,pro,organic,60.1,1
1634,2023-10,pro,organic,231.0,0
1635,2023-02,enterprise,organic,318.7,1
1636,2024-05,basic,paid,17.0,0
1637,2023-04,basic,organic,411.0,0
1638,2022-10,enterprise,paid,582.0,0
1639,2023-03,basic,organic,91.4,1
1640,2023-11,pro,paid,212.0,0
1641,2022-12,pro,organic,521.0,0
1642,2024-02,basic,paid,105.0,0
1643,2022-08,basic,paid,245.4,1
1644,2024-03,basic,organic,72.0,0
1645,2022-09,basic,paid,357.7,1
1646,2023-06,basic,organic,122.7,1
1647,2023-07,basic,paid,149.5,1
1648,2023-06,pro,organic,196.1,1
1649,2024-01,enterprise,organic,144.0,0
1650,2023-07,pro,organic,329.0,0
1651,2022-09,basic,referral,157.8,1
1652,2022-11,basic,organic,471.9,1
1653,2024-02,basic,paid,117.0,0
1654,2023-02,basic,organic,369.1,1
1655,2022-09,enterprise,organic,616.0,0
1656,2022-10,basic,organic,567.6,1
1657,2023-07,basic,referral,47.1,1
1658,2024-04,pro,paid,34.0,0
1659,2022-08,basic,organic,222.1,1
1660,2023-08,basic,paid,285.0,0
1661,2023-09,basic,organic,221.0,1
1662,2022-12,pro,organic,353.7,1
1663,2023-11,pro,paid,48.4,1
1664,2022-10,basic,organic,346.2,1
1665,2024-04,enterprise,organic,54.0,0
1666,2022-12,pro,paid,425.8,1
1667,2022-07,pro,organic,334.3,1
1668,2022-06,basic,referral,67.9,1
1669,2022-08,basic,paid,148.8,1
1670,2022-09,pro,referral,302.2,1
1671,2023-11,basic,paid,56.2,1
1672,2022-07,pro,referral,96.7,1
1673,2022-08,pro,organic,668.0,0
1674,2023-05,basic,paid,384.0,0
1675,2023-08,pro,paid,250.4,1
1676,2024-03,enterprise,referral,17.0,1
1677,2023-04,pro,organic,410.1,1
1678,2023-01,basic,paid,287.4,1
1679,2023-08,enterprise,paid,290.0,0
1680,2023-08,basic,organic,292.0,0
1681,2023-04,pro,referral,412.0,0
1682,2024-05,pro,organic,20.0,0
1683,2022-07,pro,organic,689.0,0
1684,2023-11,basic,paid,112.2,1
1685,2024-02,basic,organic,101.0,0
1686,2024-05,basic,organic,3.0,0
1687,2022-09,basic,organic,278.9,1
1688,2022-09,basic,organic,417.1,1
1689,2024-03,pro,paid,68.0,0
1690,2024-02,basic,referral,109.0,0
1691,2023-07,pro,paid,322.0,0
1692,2024-01,enterprise,organic,133.0,0
1693,2022-12,basic,paid,488.0,1
1694,2024-04,pro,referral,41.0,0
1695,2023-05,pro,paid,395.0,0
1696,2023-08,basic,organic,275.0,0
1697,2023-07,basic,organic,334.0,0
1698,2023-08,pro,referral,305.0,0
1699,2024-02,enterprise,referral,110.0,0
1700,2023-12,pro,organic,158.0,0
1701,2024-04,enterprise,referral,46.0,0
1702,2024-03,enterprise,organic,83.0,0
1703,2022-06,basic,organic,704.0,0
1704,2023-11,pro,paid,201.0,0
1705,2023-10,basic,paid,221.0,0
1706,2024-03,enterprise,organic,91.0,0
1707,2022-12,basic,referral,543.0,0
1708,2022-08,basic,referral,402.6,1
1709,2022-11,enterprise,organic,93.3,1
1710,2023-03,basic,paid,425.0,1
1711,2022-10,pro,paid,535.3,1
1712,2023-08,basic,paid,158.5,1
1713,2022-09,enterprise,referral,54.3,1
1714,2022-11,enterprise,paid,563.6,1
1715,2024-05,basic,organic,1.0,0
1716,2023-06,pro,organic,351.0,0
1717,2023-11,basic,referral,190.0,0
1718,2024-03,pro,referral,62.0,0
1719,2022-10,pro,organic,306.8,1
1720,2024-05,pro,organic,5.0,0
1721,2022-12,basic,paid,189.7,1
1722,2022-06,basic,organic,502.5,1
1723,2023-06,pro,organic,254.3,1
1724,2023-09,pro,referral,267.0,0
1725,2023-03,basic,referral,123.4,1
1726,2022-10,basic,referral,11.6,1
1727,2023-12,basic,paid,172.0,0
1728,2023-12,pro,organic,180.0,0
1729,2023-03,basic,referral,437.0,0
1730,2022-07,basic,organic,64.5,1
1731,2023-10,enterprise,organic,214.0,0
1732,2023-09,basic,referral,271.0,0
1733,2022-06,pro,paid,323.9,1
1734,2024-01,basic,referral,126.0,0
1735,2024-04,pro,organic,55.0,0
1736,2023-04,pro,referral,210.7,1
1737,2024-05,enterprise,paid,17.0,0
1738,2024-01,basic,paid,129.0,0
1739,2023-03,basic,referral,53.8,1
1740,2023-02,pro,organic,290.5,1
1741,2023-05,basic,paid,181.7,1
1742,2023-08,basic,paid,159.3,1
1743,2023-04,basic,paid,146.9,1
1744,2023-02,enterprise,referral,463.0,0
1745,2022-11,pro,paid,248.8,1
1746,2022-11,pro,organic,112.8,1
1747,2023-02,pro,organic,124.4,1
1748,2022-08,basic,referral,422.4,1
1749,2022-10,basic,referral,603.0,0
1750,2024-02,basic,referral,95.0,0
1751,2022-07,pro,organic,301.0,1
1752,2022-08,basic,organic,272.0,1
1753,2023-10,enterprise,paid,111.5,1
1754,2024-05,pro,paid,14.0,0
1755,2023-03,basic,organic,434.0,0
1756,2023-07,pro,paid,83.9,1
1757,2022-12,basic,organic,45.0,1
1758,2023-05,enterprise,paid,377.0,0
1759,2024-04,enterprise,organic,55.0,0
1760,2023-12,enterprise,organic,176.0,0
1761,2022-09,basic,organic,315.4,1
1762,2024-05,basic,referral,27.0,0
1763,2022-12,basic,paid,324.2,1
1764,2023-11,basic,referral,210.0,0
1765,2023-07,basic,paid,137.0,1
1766,2023-05,basic,organic,214.4,1
1767,2023-12,enterprise,organic,180.0,0
1768,2023-02,basic,paid,260.8,1
1769,2023-01,basic,organic,405.8,1
1770,2024-04,pro,paid,61.0,0
1771,2023-09,pro,referral,69.1,1
1772,2022-12,pro,referral,535.0,0
1773,2022-12,pro,organic,312.5,1
1774,2023-05,enterprise,paid,392.0,0
1775,2022-11,pro,organic,112.1,1
1776,2024-03,basic,organic,77.0,0
1777,2024-03,pro,paid,85.0,0
1778,2023-02,basic,paid,68.4,1
1779,2023-01,basic,paid,422.8,1
1780,2022-10,basic,organic,229.9,1
1781,2024-01,basic,referral,130.0,0
1782,2023-05,pro,referral,26.4,1
1783,2023-02,basic,paid,112.5,1
1784,2023-12,basic,referral,161.0,0
1785,2023-05,basic,organic,99.4,1
1786,2023-02,pro,paid,166.9,1
1787,2023-12,basic,referral,154.0,0
1788,2023-09,pro,referral,270.0,0
1789,2023-12,pro,referral,155.0,0
1790,2022-08,basic,paid,147.5,1
1791,2023-12,pro,referral,170.0,0
1792,2024-03,basic,paid,61.5,1
1793,2024-05,basic,organic,25.0,0
1794,2024-04,pro,organic,32.0,0
1795,2024-01,enterprise,paid,137.0,0
1796,2023-03,basic,paid,144.4,1
1797,2024-05,pro,paid,12.0,0
1798,2023-11,basic,referral,206.0,0
1799,2024-04,pro,paid,41.0,0
1800,2023-08,pro,organic,290.0,0
1801,2024-04,pro,organic,34.0,0
1802,2023-03,pro,paid,131.9,1
1803,2023-01,basic,paid,482.1,1
1804,2022-12,pro,paid,247.1,1
1805,2023-12,pro,paid,161.0,0
1806,2022-09,pro,paid,625.0,0
1807,2023-01,basic,paid,497.0,0
1808,2024-04,basic,referral,40.0,0
1809,2023-07,basic,organic,221.5,1
1810,2022-11,basic,paid,21.5,1
1811,2023-10,basic,paid,223.0,0
1812,2023-09,basic,organic,170.3,1
1813,2023-03,pro,paid,172.3,1
1814,2024-04,basic,paid,39.0,0
1815,2022-07,pro,paid,270.9,1
1816,2024-01,basic,paid,19.6,1
1817,2024-05,pro,organic,19.0,0
1818,2024-05,basic,organic,3.0,0
1819,2023-08,basic,organic,287.0,0
1820,2022-09,pro,organic,163.2,1
1821,2022-10,enterprise,paid,7.5,1
1822,2022-08,basic,referral,80.3,1
1823,2023-05,basic,paid,304.2,1
1824,2023-07,pro,organic,134.3,1
1825,2023-08,pro,organic,277.0,0
1826,2024-04,basic,organic,33.0,0
1827,2022-08,basic,paid,280.7,1
1828,2023-06,basic,organic,194.1,1
1829,2023-07,enterprise,paid,327.0,0
1830,2023-05,basic,paid,370.0,0
1831,2022-11,basic,paid,356.7,1
1832,2023-12,enterprise,organic,161.0,0
1833,2023-01,basic,organic,335.4,1
1834,2023-01,basic,paid,69.4,1
1835,2022-09,basic,paid,106.4,1
1836,2024-05,basic,organic,6.0,0
1837,2024-01,basic,referral,122.0,0
1838,2023-06,basic,paid,263.8,1
1839,2022-09,pro,paid,277.2,1
1840,2022-07,pro,organic,393.8,1
1841,2023-03,basic,organic,428.0,0
1842,2024-01,pro,organic,152.0,0
1843,2024-01,basic,organic,132.0,0
1844,2023-02,enterprise,paid,339.5,1
1845,2024-01,basic,paid,103.5,1
1846,2023-04,pro,referral,398.0,0
1847,2022-10,basic,referral,181.8,1
1848,2023-08,pro,organic,280.0,0
1849,2023-09,basic,organic,79.8,1
1850,2024-05,pro,paid,26.0,0
1851,2023-12,basic,referral,182.0,0
1852,2023-01,enterprise,referral,502.0,0
1853,2023-09,basic,organic,259.0,0
1854,2024-02,pro,organic,113.0,0
1855,2024-03,pro,organic,76.0,0
1856,2024-03,enterprise,referral,68.0,0
1857,2023-02,basic,paid,42.1,1
1858,2023-03,basic,paid,296.2,1
1859,2023-05,basic,paid,197.1,1
1860,2023-06,basic,organic,87.7,1
1861,2024-02,pro,paid,110.0,0
1862,2023-06,enterprise,organic,228.1,1
1863,2024-04,enterprise,paid,43.0,0
1864,2022-08,basic,paid,228.4,1
1865,2024-04,pro,paid,41.0,0
1866,2023-08,pro,organic,304.0,0
1867,2024-06,enterprise,referral,0.0,0
1868,2022-11,basic,paid,74.0,1
1869,2024-02,basic,organic,119.0,0
1870,2022-08,pro,organic,86.4,1
1871,2024-05,basic,paid,31.0,0
1872,2022-10,basic,organic,336.9,1
1873,2023-02,enterprise,organic,154.7,1
1874,2023-12,enterprise,organic,152.5,1
1875,2024-01,enterprise,organic,145.0,0
1876,2023-09,pro,paid,257.0,0
1877,2022-10,basic,paid,411.0,1
1878,2022-09,basic,organic,465.9,1
1879,2024-01,basic,paid,90.9,1
1880,2023-09,pro,organic,254.0,0
1881,2023-12,basic,organic,170.0,0
1882,2024-03,pro,organic,88.0,0
1883,2023-02,basic,paid,210.4,1
1884,2023-09,pro,referral,249.0,0
1885,2023-12,basic,paid,162.0,0
1886,2022-09,basic,organic,244.0,1
1887,2022-12,basic,organic,10.2,1
1888,2022-11,basic,organic,67.4,1
1889,2024-05,pro,referral,28.0,0
1890,2022-08,basic,organic,615.6,1
1891,2023-04,basic,referral,73.8,1
1892,2023-06,pro,paid,69.9,1
1893,2024-05,pro,paid,7.0,0
1894,2022-08,basic,referral,390.2,1
1895,2023-05,basic,organic,391.0,0
1896,2022-10,basic,paid,100.4,1
1897,2023-02,pro,organic,471.0,0
1898,2022-11,basic,referral,518.7,1
1899,2023-01,basic,paid,253.6,1
1900,2022-08,basic,organic,250.4,1
1901,2023-12,pro,referral,162.0,0
1902,2024-01,basic,organic,145.0,0
1903,2023-01,pro,organic,280.1,1
1904,2023-06,basic,paid,196.7,1
1905,2023-03,pro,paid,431.0,0
1906,2023-01,basic,referral,60.7,1
1907,2023-05,basic,paid,242.7,1
1908,2022-11,basic,paid,224.0,1
1909,2023-10,pro,organic,229.0,0
1910,2022-09,enterprise,organic,618.0,0
1911,2024-03,basic,referral,77.0,0
1912,2023-03,basic,organic,456.0,0
1913,2022-08,enterprise,paid,125.6,1
1914,2023-12,basic,organic,181.0,0
1915,2023-10,basic,organic,0.7,1
1916,2023-10,basic,paid,147.6,1
1917,2023-04,pro,paid,406.0,0
1918,2023-08,pro,paid,243.5,1
1919,2024-03,pro,referral,77.0,0
1920,2022-08,enterprise,organic,81.0,1
1921,2024-01,basic,paid,100.0,1
1922,2023-05,basic,organic,282.2,1
1923,2023-03,basic,paid,233.6,1
1924,2024-05,basic,organic,5.6,1
1925,2024-03,basic,paid,68.0,0
1926,2022-07,basic,organic,277.9,1
1927,2023-02,basic,referral,463.9,1
1928,2024-05,pro,referral,24.0,0
1929,2022-11,basic,referral,219.8,1
1930,2023-06,basic,organic,233.6,1
1931,2024-04,pro,referral,54.0,0
1932,2023-01,pro,organic,355.2,1
1933,2023-06,pro,organic,331.5,1
1934,2024-01,pro,organic,147.0,0
1935,2022-09,pro,organic,194.9,1
1936,2023-11,basic,paid,209.0,0
1937,2023-11,basic,organic,92.9,1
1938,2023-11,pro,organic,196.0,0
1939,2022-11,basic,paid,123.1,1
1940,2023-01,basic,referral,92.5,1
1941,2022-08,basic,paid,95.1,1
1942,2023-12,basic,paid,165.0,0
1943,2022-11,basic,organic,168.6,1
1944,2023-04,basic,referral,412.0,0
1945,2023-10,pro,organic,222.0,0
1946,2024-05,enterprise,organic,25.0,0
1947,2022-10,basic,organic,115.7,1
1948,2023-12,enterprise,paid,173.0,0
1949,2023-03,basic,organic,40.0,1
1950,2023-05,enterprise,paid,395.0,0
1951,2024-05,enterprise,organic,3.0,0
1952,2022-06,basic,paid,88.2,1
1953,2022-10,pro,paid,65.6,1
1954,2023-06,enterprise,organic,225.7,1
1955,2023-01,enterprise,organic,51.0,1
1956,2023-06,enterprise,paid,323.9,1
1957,2022-12,pro,paid,503.9,1
1958,2024-02,basic,organic,96.0,0
1959,2023-07,pro,paid,141.9,1
1960,2023-10,pro,organic,241.0,0
1961,2023-07,pro,organic,70.9,1
1962,2023-07,basic,organic,324.0,0
1963,2024-02,pro,paid,78.6,1
1964,2022-06,basic,organic,297.1,1
1965,2024-05,pro,paid,11.0,0
1966,2024-05,basic,organic,7.0,0
1967,2023-09,pro,paid,268.0,0
1968,2023-03,pro,organic,243.2,1
1969,2024-01,basic,paid,129.0,0
1970,2023-05,basic,paid,83.6,1
1971,2022-12,basic,organic,109.6,1
1972,2024-03,enterprise,organic,67.0,0
1973,2022-06,pro,paid,708.0,0
1974,2023-10,basic,referral,242.0,0
1975,2023-02,basic,referral,462.0,0
1976,2024-03,basic,organic,79.0,0
1977,2023-01,basic,paid,333.7,1
1978,2022-10,enterprise,organic,93.5,1
1979,2024-03,pro,organic,34.6,1
1980,2024-03,basic,paid,43.7,1
1981,2023-11,pro,paid,202.0,0
1982,2024-05,basic,paid,8.0,0
1983,2022-06,pro,referral,211.3,1
1984,2023-03,basic,organic,171.1,1
1985,2023-03,pro,paid,20.5,1
1986,2022-07,enterprise,organic,690.0,0
1987,2022-10,basic,organic,599.0,0
1988,2022-10,pro,organic,3.8,1
1989,2023-10,enterprise,referral,244.0,0
1990,2023-10,basic,paid,241.0,0
1991,2023-11,basic,organic,158.4,1
1992,2023-09,pro,paid,249.0,0
1993,2023-09,basic,referral,266.0,0
1994,2024-02,basic,referral,100.0,0
1995,2023-09,basic,paid,256.0,0
1996,2023-07,pro,organic,321.0,0
1997,2023-10,basic,paid,222.0,0
1998,2024-02,basic,referral,119.0,0
1999,2023-09,pro,referral,268.0,0
2000,2023-06,basic,referral,346.0,0
2001,2022-12,pro,paid,234.9,1
2002,2023-01,basic,organic,166.1,1
2003,2024-01,enterprise,paid,145.0,0
2004,2024-05,pro,organic,26.0,0
2005,2023-10,basic,organic,218.0,0
2006,2024-02,enterprise,paid,113.0,0
2007,2023-08,basic,paid,57.5,1
2008,2022-06,basic,referral,25.6,1
2009,2024-01,basic,paid,22.8,1
2010,2023-10,pro,referral,229.0,0
2011,2022-12,basic,paid,49.3,1
2012,2023-06,basic,paid,224.7,1
2013,2024-05,basic,organic,31.0,0
2014,2024-02,basic,paid,24.8,1
2015,2022-07,basic,organic,121.8,1
2016,2024-03,basic,organic,74.0,0
2017,2023-03,basic,organic,372.2,1
2018,2022-11,basic,referral,570.0,0
2019,2023-11,pro,paid,191.0,0
2020,2022-12,basic,referral,142.0,1
2021,2024-01,pro,referral,122.0,0
2022,2023-11,basic,referral,205.0,0
2023,2023-10,basic,organic,165.8,1
2024,2022-06,basic,referral,482.2,1
2025,2023-12,basic,referral,154.0,0
2026,2024-02,basic,referral,93.0,0
2027,2022-08,pro,organic,382.3,1
2028,2024-02,basic,organic,116.0,0
2029,2022-09,basic,referral,202.2,1
2030,2023-02,pro,organic,201.7,1
2031,2023-04,basic,organic,362.0,1
2032,2022-12,basic,paid,123.9,1
2033,2022-12,basic,organic,501.0,1
2034,2024-03,basic,organic,79.0,0
2035,2022-06,basic,referral,307.3,1
2036,2022-07,pro,referral,326.0,1
2037,2022-08,enterprise,referral,173.6,1
2038,2023-03,basic,organic,433.9,1
2039,2023-05,pro,organic,134.9,1
2040,2023-05,pro,organic,386.0,0
2041,2024-05,basic,paid,10.0,0
2042,2023-06,pro,organic,147.5,1
2043,2023-03,pro,paid,156.5,1
2044,2023-02,enterprise,referral,249.3,1
2045,2023-10,enterprise,paid,172.7,1
2046,2023-06,basic,organic,339.0,0
2047,2023-03,basic,organic,8.4,1
2048,2023-07,basic,organic,46.5,1
2049,2022-07,basic,organic,333.4,1
2050,2023-01,basic,paid,507.0,0
2051,2024-06,enterprise,organic,0.0,0
2052,2024-05,basic,paid,16.0,0
2053,2023-01,basic,referral,49.6,1
2054,2023-08,pro,organic,144.9,1
2055,2022-10,basic,organic,357.7,1
2056,2024-01,basic,organic,124.0,0
2057,2024-05,enterprise,organic,9.0,0
2058,2023-08,basic,paid,261.3,1
2059,2022-12,basic,referral,529.0,0
2060,2022-07,basic,referral,699.0,0
2061,2022-09,enterprise,paid,636.0,0
2062,2023-06,basic,organic,348.0,0
2063,2022-10,basic,organic,143.8,1
2064,2024-04,basic,organic,50.0,0
2065,2023-04,basic,organic,328.6,1
2066,2022-08,enterprise,referral,650.9,1
2067,2023-08,basic,paid,22.7,1
2068,2022-07,enterprise,organic,313.2,1
2069,2023-12,basic,organic,158.0,0
2070,2024-03,basic,organic,76.0,0
2071,2023-05,pro,referral,294.4,1
2072,2022-08,basic,organic,177.1,1
2073,2023-10,basic,organic,224.0,0
2074,2022-11,pro,organic,344.2,1
2075,2024-02,basic,referral,121.0,0
2076,2022-12,basic,paid,251.3,1
2077,2023-04,enterprise,paid,401.0,0
2078,2024-01,basic,organic,126.0,0
2079,2023-01,basic,organic,334.6,1
2080,2023-01,basic,referral,310.1,1
2081,2023-05,basic,organic,286.7,1
2082,2023-12,basic,organic,162.0,0
2083,2024-02,pro,paid,95.0,0
2084,2022-07,basic,organic,373.5,1
2085,2023-02,pro,organic,235.6,1
2086,2022-10,basic,referral,531.6,1
2087,2023-01,basic,paid,501.0,0
2088,2022-10,basic,organic,597.0,0
2089,2024-02,pro,organic,116.0,0
2090,2023-06,basic,paid,357.0,0
2091,2023-02,basic,organic,290.1,1
2092,2024-03,pro,organic,74.0,0
2093,2024-02,pro,paid,47.6,1
2094,2023-03,basic,paid,137.0,1
2095,2022-09,enterprise,referral,625.0,0
2096,2023-02,basic,organic,369.9,1
2097,2024-05,basic,organic,26.0,0
2098,2022-07,basic,paid,334.1,1
2099,2024-02,basic,paid,37.4,1
2100,2023-12,basic,organic,167.0,0
2101,2022-07,pro,paid,701.0,0
2102,2022-11,basic,organic,497.7,1
2103,2022-07,pro,referral,116.2,1
2104,2022-10,enterprise,referral,28.0,1
2105,2023-02,pro,organic,121.9,1
2106,2023-11,pro,referral,204.0,0
2107,2023-10,pro,referral,235.0,0
2108,2022-07,enterprise,organic,682.0,0
2109,2022-09,basic,organic,367.0,1
2110,2023-09,basic,paid,121.4,1
2111,2023-09,basic,organic,26.6,1
2112,2023-10,basic,organic,214.0,0
2113,2023-10,basic,organic,234.0,0
2114,2022-09,pro,referral,619.0,0
2115,2024-05,basic,organic,7.0,0
2116,2023-07,enterprise,paid,313.0,0
2117,2022-07,basic,organic,89.4,1
2118,2023-05,basic,organic,390.0,0
2119,2023-07,basic,referral,234.9,1
2120,2023-10,basic,organic,224.0,0
2121,2024-04,basic,organic,53.0,0
2122,2023-12,basic,organic,161.0,0
2123,2024-03,basic,paid,65.0,0
2124,2024-03,basic,organic,91.0,0
2125,2024-02,basic,organic,117.0,0
2126,2023-10,basic,organic,44.5,1
2127,2024-05,basic,organic,7.0,0
2128,2022-07,basic,organic,235.3,1
2129,2024-03,basic,paid,46.4,1
2130,2023-08,basic,organic,275.0,0
2131,2022-09,basic,organic,86.0,1
2132,2024-03,pro,paid,33.3,1
2133,2023-06,enterprise,paid,146.7,1
2134,2022-10,enterprise,organic,536.9,1
2135,2023-04,basic,organic,160.3,1
2136,2024-01,basic,organic,151.0,0
2137,2022-12,basic,referral,296.7,1
2138,2023-01,pro,organic,32.0,1
2139,2023-09,pro,organic,260.0,0
2140,2024-04,pro,organic,33.0,0
2141,2024-05,enterprise,organic,5.0,0
2142,2022-10,basic,organic,579.9,1
2143,2023-10,pro,organic,231.0,0
2144,2024-02,pro,paid,99.0,0
2145,2023-05,basic,paid,171.3,1
2146,2022-08,enterprise,paid,154.7,1
2147,2024-05,basic,paid,6.0,0
2148,2024-04,enterprise,organic,40.0,0
2149,2023-08,pro,referral,300.0,0
2150,2023-02,basic,paid,82.8,1
2151,2023-06,pro,referral,342.0,0
2152,2022-08,basic,paid,225.6,1
2153,2024-05,pro,organic,31.0,0
2154,2023-10,pro,organic,244.0,0
2155,2023-09,pro,organic,252.0,0
2156,2023-10,pro,organic,182.0,1
2157,2023-06,basic,paid,104.3,1
2158,2022-11,basic,organic,93.1,1
2159,2023-10,basic,organic,151.3,1
2160,2022-12,basic,referral,52.6,1
2161,2024-02,basic,paid,105.0,0
2162,2023-04,basic,paid,149.1,1
2163,2023-09,basic,organic,95.1,1
2164,2023-05,basic,paid,119.7,1
2165,2024-03,enterprise,referral,77.0,0
2166,2022-07,basic,paid,266.5,1
2167,2022-08,enterprise,paid,391.6,1
2168,2022-10,basic,paid,100.3,1
2169,2022-08,basic,organic,259.7,1
2170,2024-02,basic,paid,92.0,1
2171,2023-06,basic,referral,130.5,1
2172,2023-10,basic,organic,228.0,0
2173,2022-09,basic,organic,217.6,1
2174,2024-01,basic,organic,136.0,0
2175,2023-12,basic,organic,158.0,0
2176,2023-01,pro,referral,494.0,0
2177,2024-03,basic,paid,64.0,0
2178,2022-12,pro,organic,155.3,1
2179,2023-11,basic,organic,193.0,0
2180,2023-02,enterprise,organic,475.0,0
2181,2022-09,pro,organic,412.7,1
2182,2023-03,enterprise,paid,154.3,1
2183,2023-12,pro,referral,153.0,0
2184,2024-04,basic,paid,35.0,0
2185,2024-04,basic,organic,32.0,0
2186,2024-03,basic,paid,63.0,0
2187,2023-04,pro,paid,405.8,1
2188,2023-09,pro,organic,250.0,0
2189,2023-12,basic,paid,106.4,1
2190,2023-12,enterprise,paid,156.1,1
2191,2022-07,basic,referral,682.0,0
2192,2024-03,pro,organic,85.0,0
2193,2023-10,pro,organic,219.0,0
2194,2023-06,basic,paid,49.1,1
2195,2024-06,pro,organic,0.0,0
2196,2022-08,pro,organic,184.1,1
2197,2024-03,basic,paid,71.0,0
2198,2023-01,basic,organic,425.6,1
2199,2023-03,basic,paid,32.8,1
2200,2022-10,pro,referral,414.4,1
2201,2023-02,basic,paid,183.8,1
2202,2022-11,enterprise,paid,90.3,1
2203,2023-08,enterprise,paid,125.0,1
2204,2023-06,basic,organic,157.5,1
2205,2023-01,basic,organic,76.9,1
2206,2023-04,pro,paid,409.0,0
2207,2023-05,pro,organic,198.5,1
2208,2024-01,basic,organic,28.8,1
2209,2023-11,basic,organic,185.0,0
2210,2023-09,basic,referral,258.0,0
2211,2024-05,enterprise,organic,6.0,0
2212,2023-08,basic,paid,191.8,1
2213,2024-05,enterprise,organic,1.0,0
2214,2023-04,basic,paid,328.7,1
2215,2023-01,enterprise,organic,506.0,0
2216,2023-04,basic,organic,404.0,0
2217,2023-01,basic,paid,55.5,1
2218,2024-06,enterprise,paid,0.0,0
2219,2024-04,enterprise,organic,42.0,0
2220,2023-01,basic,organic,502.0,0
2221,2022-11,basic,organic,335.3,1
2222,2023-01,basic,organic,422.1,1
2223,2023-02,basic,paid,65.0,1
2224,2023-01,basic,organic,36.3,1
2225,2022-12,enterprise,paid,520.9,1
2226,2022-12,basic,organic,23.8,1
2227,2022-12,pro,paid,531.0,0
2228,2024-04,basic,organic,53.0,0
2229,2024-04,basic,paid,45.0,0
2230,2023-09,pro,organic,260.0,0
2231,2023-05,basic,referral,72.4,1
2232,2022-11,pro,paid,514.2,1
2233,2023-10,basic,referral,158.7,1
2234,2023-11,enterprise,organic,198.0,0
2235,2022-11,pro,organic,562.0,0
2236,2023-12,enterprise,organic,179.0,0
2237,2022-10,basic,organic,41.7,1
2238,2024-01,basic,paid,127.0,0
2239,2023-09,basic,referral,258.0,0
2240,2023-08,basic,paid,288.0,0
2241,2023-10,basic,paid,215.0,0
2242,2024-05,basic,organic,2.0,0
2243,2023-12,basic,organic,109.7,1
2244,2023-10,basic,paid,243.0,0
2245,2023-10,basic,organic,225.0,0
2246,2022-11,basic,organic,221.0,1
2247,2024-04,basic,referral,34.0,0
2248,2023-08,pro,referral,280.0,0
2249,2024-05,basic,paid,27.0,0
2250,2022-08,basic,organic,319.9,1
2251,2022-11,basic,referral,197.0,1
2252,2022-06,pro,organic,706.9,1
2253,2022-08,basic,organic,167.5,1
2254,2023-10,pro,organic,227.0,0
2255,2023-01,enterprise,referral,179.9,1
2256,2023-10,basic,referral,50.3,1
2257,2022-09,enterprise,paid,639.0,0
2258,2023-08,pro,organic,295.0,0
2259,2023-09,basic,paid,241.6,1
2260,2022-08,basic,organic,98.2,1
2261,2022-10,pro,referral,475.7,1
2262,2022-07,enterprise,organic,484.5,1
2263,2024-04,basic,organic,47.0,0
2264,2023-12,basic,paid,175.0,0
2265,2023-10,pro,paid,172.5,1
2266,2023-08,basic,referral,279.5,1
2267,2023-06,pro,organic,144.4,1
2268,2023-11,basic,referral,125.7,1
2269,2022-11,pro,organic,292.9,1
2270,2023-12,pro,organic,160.0,0
2271,2023-01,pro,paid,58.4,1
2272,2022-09,pro,organic,166.9,1
2273,2023-03,pro,paid,75.3,1
2274,2023-09,pro,organic,7.9,1
2275,2024-01,pro,organic,135.0,0
2276,2024-02,basic,paid,96.0,0
2277,2022-12,pro,organic,249.6,1
2278,2023-06,basic,paid,337.0,0
2279,2024-04,pro,paid,33.0,0
2280,2022-06,pro,organic,468.8,1
2281,2023-02,basic,paid,223.4,1
2282,2022-10,basic,organic,575.2,1
2283,2023-07,basic,organic,148.5,1
2284,2022-07,pro,organic,242.2,1
2285,2024-01,basic,referral,143.0,0
2286,2024-01,basic,paid,133.0,0
2287,2022-08,enterprise,paid,387.7,1
2288,2022-08,pro,referral,642.0,0
2289,2023-06,basic,organic,359.0,0
2290,2024-03,basic,referral,90.0,0
2291,2023-10,enterprise,paid,117.4,1
2292,2022-12,pro,referral,542.0,0
2293,2022-10,pro,referral,414.1,1
2294,2023-09,basic,referral,105.1,1
2295,2024-04,basic,organic,44.0,0
2296,2023-02,basic,paid,53.3,1
2297,2022-12,pro,referral,532.0,0
2298,2023-08,basic,paid,267.7,1
2299,2023-04,basic,organic,419.0,0
2300,2022-06,pro,referral,453.7,1
2301,2023-12,enterprise,organic,75.2,1
2302,2023-04,pro,paid,191.1,1
2303,2023-03,basic,paid,148.4,1
2304,2023-05,basic,organic,395.0,0
2305,2022-09,basic,paid,34.9,1
2306,2023-03,basic,organic,305.1,1
2307,2023-06,basic,paid,329.4,1
2308,2024-03,basic,referral,16.8,1
2309,2023-01,pro,organic,473.8,1
2310,2024-02,enterprise,paid,95.0,0
2311,2024-05,enterprise,organic,19.0,0
2312,2023-06,basic,referral,351.0,0
2313,2023-04,basic,referral,149.7,1
2314,2022-06,basic,organic,297.8,1
2315,2023-01,basic,paid,25.0,1
2316,2022-09,basic,paid,534.7,1
2317,2023-09,basic,paid,152.4,1
2318,2023-06,pro,paid,158.2,1
2319,2022-07,basic,paid,150.3,1
2320,2023-08,enterprise,paid,300.0,0
2321,2022-10,basic,organic,239.1,1
2322,2023-05,basic,organic,177.5,1
2323,2023-12,basic,referral,113.1,1
2324,2023-04,basic,organic,405.9,1
2325,2023-12,basic,paid,157.0,0
2326,2024-05,enterprise,organic,2.0,0
2327,2023-12,basic,referral,169.0,0
2328,2024-01,basic,paid,139.0,0
2329,2023-09,pro,organic,39.8,1
2330,2022-09,basic,organic,555.0,1
2331,2023-08,pro,organic,279.0,0
2332,2022-10,basic,referral,281.0,1
2333,2023-04,pro,paid,400.0,0
2334,2024-05,basic,paid,5.0,0
2335,2024-01,basic,paid,135.0,0
2336,2022-08,pro,organic,670.0,0
2337,2023-03,pro,organic,435.0,0
2338,2022-08,basic,organic,104.7,1
2339,2023-10,pro,organic,223.0,0
2340,2023-01,basic,paid,234.7,1
2341,2022-11,basic,referral,294.5,1
2342,2022-06,basic,referral,567.2,1
2343,2024-05,pro,referral,13.0,0
2344,2022-07,basic,paid,255.9,1
2345,2023-08,pro,organic,281.0,0
2346,2022-10,basic,paid,254.8,1
2347,2023-05,pro,referral,392.0,0
2348,2023-04,pro,paid,73.2,1
2349,2023-09,basic,paid,14.6,1
2350,2022-10,basic,paid,61.2,1
2351,2023-11,basic,paid,190.0,0
2352,2023-06,pro,referral,264.4,1
2353,2023-04,basic,paid,169.5,1
2354,2022-12,basic,organic,534.0,0
2355,2023-06,basic,organic,48.9,1
2356,2023-01,pro,paid,129.5,1
2357,2023-06,basic,organic,349.0,0
2358,2023-02,basic,referral,38.8,1
2359,2023-02,enterprise,paid,485.0,0
2360,2023-01,basic,paid,221.5,1
2361,2022-10,pro,organic,592.0,0
2362,2023-05,basic,paid,389.0,0
2363,2024-01,basic,paid,19.2,1
2364,2023-01,enterprise,organic,489.0,0
2365,2024-04,pro,referral,55.0,0
2366,2023-12,pro,organic,157.0,0
2367,2022-11,basic,organic,80.6,1
2368,2023-07,basic,organic,57.6,1
2369,2023-06,basic,paid,34.2,1
2370,2022-06,basic,paid,45.0,1
2371,2023-12,basic,referral,169.0,0
2372,2024-05,basic,organic,14.0,0
2373,2024-03,basic,referral,69.0,1
2374,2023-12,basic,paid,176.0,0
2375,2022-12,basic,organic,522.0,0
2376,2022-11,basic,organic,330.8,1
2377,2023-04,enterprise,organic,407.0,0
2378,2023-12,pro,referral,183.0,0
2379,2023-05,basic,organic,64.4,1
2380,2024-05,pro,paid,10.0,0
2381,2023-01,pro,paid,248.4,1
2382,2023-03,basic,referral,439.9,1
2383,2024-05,basic,paid,15.0,0
2384,2022-10,basic,paid,504.1,1
2385,2022-11,basic,organic,549.0,0
2386,2023-10,pro,referral,221.0,0
2387,2023-03,enterprise,organic,457.0,0
2388,2023-03,basic,organic,349.8,1
2389,2024-02,pro,referral,103.0,0
2390,2024-01,basic,organic,139.0,0
2391,2023-01,pro,organic,255.2,1
2392,2022-07,pro,paid,332.8,1
2393,2023-04,basic,organic,322.9,1
2394,2023-04,basic,organic,70.9,1
2395,2023-02,pro,paid,149.2,1
2396,2023-07,enterprise,paid,317.0,0
2397,2024-04,basic,paid,39.0,0
2398,2023-08,basic,organic,285.0,0
2399,2022-08,basic,paid,389.1,1
2400,2022-10,pro,referral,299.3,1
2401,2022-08,pro,organic,667.0,0
2402,2024-02,pro,organic,110.0,0
2403,2023-06,pro,organic,95.7,1
2404,2023-04,enterprise,paid,233.8,1
2405,2024-01,pro,organic,71.2,1
2406,2024-01,basic,paid,54.0,1
2407,2022-11,pro,referral,563.0,0
2408,2023-02,basic,organic,208.5,1
2409,2023-02,basic,paid,260.1,1
2410,2023-11,enterprise,organic,192.0,0
2411,2023-06,pro,organic,364.0,0
2412,2024-05,enterprise,paid,16.0,0
2413,2024-02,basic,organic,93.0,0
2414,2023-05,basic,referral,175.3,1
2415,2023-10,basic,paid,222.0,0
2416,2022-07,basic,organic,227.0,1
2417,2023-06,basic,organic,89.8,1
2418,2024-04,basic,organic,60.0,0
2419,2024-05,basic,referral,12.0,0
2420,2022-12,enterprise,paid,522.0,0
2421,2024-01,basic,organic,54.8,1
2422,2024-01,basic,paid,135.0,0
2423,2023-08,pro,paid,305.0,0
2424,2023-11,basic,paid,30.4,1
2425,2023-03,enterprise,organic,443.0,0
2426,2023-06,pro,organic,349.0,0
2427,2024-03,basic,organic,80.0,0
2428,2022-11,pro,organic,565.0,0
2429,2023-07,pro,paid,306.0,0
2430,2023-03,pro,organic,241.0,1
2431,2024-05,pro,organic,2.0,0
2432,2023-03,pro,organic,248.5,1
2433,2023-11,pro,organic,164.1,1
2434,2023-06,basic,referral,103.2,1
2435,2023-10,pro,paid,214.0,0
2436,2022-06,enterprise,organic,293.6,1
2437,2023-12,pro,paid,166.0,0
2438,2022-08,pro,organic,242.0,1
2439,2022-08,basic,referral,490.1,1
2440,2023-08,pro,paid,164.5,1
2441,2023-10,enterprise,paid,218.0,0
2442,2023-09,basic,referral,262.0,1
2443,2022-06,basic,referral,712.0,0
2444,2023-03,basic,referral,445.0,0
2445,2023-05,basic,organic,218.5,1
2446,2024-05,pro,organic,25.0,0
2447,2022-09,basic,paid,119.0,1
2448,2024-04,basic,paid,60.0,0
2449,2024-04,pro,paid,33.0,0
2450,2023-11,pro,paid,152.8,1
2451,2023-06,pro,organic,172.2,1
2452,2022-08,pro,organic,85.4,1
2453,2022-11,pro,paid,568.0,0
2454,2024-01,pro,organic,142.0,0
2455,2023-09,pro,paid,143.4,1
2456,2022-11,basic,paid,368.6,1
2457,2023-05,pro,paid,379.0,0
2458,2024-01,basic,paid,125.0,0
2459,2023-08,basic,paid,169.8,1
2460,2023-03,basic,paid,267.0,1
2461,2022-07,enterprise,organic,418.2,1
2462,2023-02,pro,paid,216.4,1
2463,2024-05,basic,paid,11.0,0
2464,2023-01,pro,organic,507.0,0
2465,2023-12,basic,paid,95.7,1
2466,2022-09,pro,referral,348.0,1
2467,2023-08,pro,organic,276.0,0
2468,2024-01,pro,paid,143.0,0
2469,2023-07,pro,referral,336.0,0
2470,2023-12,basic,referral,61.1,1
2471,2023-12,basic,organic,169.0,0
2472,2023-04,pro,paid,412.0,0
2473,2022-11,pro,referral,552.0,0
2474,2022-10,basic,paid,601.0,0
2475,2023-08,basic,organic,286.0,0
2476,2024-04,basic,organic,48.0,0
2477,2023-06,basic,paid,223.5,1
2478,2023-07,basic,organic,99.7,1
2479,2024-01,basic,organic,141.0,0
2480,2022-08,enterprise,organic,645.0,0
2481,2022-07,basic,paid,88.6,1
2482,2024-04,basic,paid,37.0,0
2483,2022-11,basic,referral,120.2,1
2484,2023-02,basic,paid,324.6,1
2485,2023-11,pro,referral,188.0,0
2486,2023-03,basic,referral,239.5,1
2487,2024-03,pro,organic,92.0,0
2488,2024-04,pro,paid,49.0,0
2489,2022-06,basic,organic,427.8,1
2490,2023-03,pro,referral,458.0,0
2491,2023-12,enterprise,organic,182.0,0
2492,2023-07,basic,paid,118.5,1
2493,2022-07,basic,referral,99.0,1
2494,2023-07,enterprise,organic,157.5,1
2495,2022-08,enterprise,referral,648.0,0
2496,2022-09,basic,organic,203.5,1
2497,2023-09,pro,organic,2.4,1
2498,2023-01,basic,paid,346.7,1
2499,2023-02,pro,organic,425.9,1
2500,2022-11,basic,paid,43.2,1
2501,2023-09,basic,referral,263.0,0
2502,2024-04,pro,organic,37.0,0
2503,2024-01,enterprise,paid,123.0,0
2504,2023-03,pro,referral,129.4,1
2505,2022-11,basic,paid,150.2,1
2506,2022-12,basic,organic,187.2,1
2507,2023-04,enterprise,referral,382.7,1
2508,2024-04,enterprise,organic,61.0,0
2509,2024-05,basic,paid,12.0,0
2510,2022-11,pro,paid,52.9,1
2511,2023-05,basic,paid,24.4,1
2512,2022-11,basic,organic,27.0,1
2513,2024-02,basic,organic,117.0,0
2514,2023-08,basic,paid,145.6,1
2515,2022-08,basic,organic,254.3,1
2516,2024-01,pro,paid,123.0,0
2517,2024-04,basic,paid,44.0,0
2518,2023-02,basic,paid,470.0,0
2519,2023-03,basic,organic,428.0,0
2520,2022-07,basic,organic,215.7,1
2521,2022-08,basic,referral,552.9,1
2522,2022-12,pro,organic,539.0,0
2523,2024-05,basic,organic,13.0,0
2524,2023-06,pro,organic,167.0,1
2525,2022-08,enterprise,organic,65.3,1
2526,2023-07,basic,referral,274.4,1
2527,2022-07,enterprise,organic,91.2,1
2528,2023-02,enterprise,organic,167.2,1
2529,2024-03,pro,paid,78.0,0
2530,2023-06,pro,organic,366.0,0
2531,2023-01,pro,organic,500.0,0
2532,2024-04,pro,referral,47.0,0
2533,2023-09,pro,paid,231.7,1
2534,2023-01,basic,organic,454.9,1
2535,2024-02,enterprise,organic,113.0,0
2536,2023-09,pro,organic,250.0,0
2537,2023-01,pro,organic,496.0,0
2538,2022-11,basic,paid,10.8,1
2539,2023-05,basic,paid,25.7,1
2540,2022-07,basic,paid,91.6,1
2541,2022-08,basic,referral,161.4,1
2542,2023-06,basic,organic,20.9,1
2543,2024-02,basic,referral,115.0,0
2544,2022-11,basic,paid,54.7,1
2545,2023-12,basic,organic,175.0,0
2546,2022-10,basic,referral,329.4,1
2547,2023-04,enterprise,organic,422.0,0
2548,2023-08,basic,paid,283.0,0
2549,2023-04,basic,paid,400.0,0
2550,2023-05,basic,organic,383.0,0
2551,2022-08,basic,referral,577.1,1
2552,2023-12,basic,organic,154.0,0
2553,2022-08,pro,referral,615.8,1
2554,2024-05,enterprise,organic,22.0,0
2555,2022-11,basic,organic,218.8,1
2556,2022-08,pro,organic,260.3,1
2557,2023-08,basic,referral,283.0,0
2558,2024-04,basic,organic,52.0,0
2559,2022-10,basic,referral,579.0,0
2560,2022-10,basic,organic,435.9,1
2561,2023-10,pro,paid,242.0,0
2562,2023-05,pro,organic,70.7,1
2563,2022-10,pro,organic,4.2,1
2564,2024-01,basic,referral,138.0,0
2565,2023-03,pro,organic,219.1,1
2566,2023-07,basic,paid,188.5,1
2567,2024-01,basic,paid,125.0,0
2568,2022-10,basic,paid,442.0,1
2569,2023-10,pro,paid,233.0,0
2570,2022-07,enterprise,referral,44.0,1
2571,2023-04,basic,paid,13.4,1
2572,2023-05,pro,paid,370.0,0
2573,2023-08,pro,paid,304.0,0
2574,2023-08,pro,paid,288.0,0
2575,2022-10,basic,organic,296.4,1
2576,2023-01,pro,paid,487.0,0
2577,2022-11,pro,organic,279.5,1
2578,2023-08,pro,paid,303.0,0
2579,2023-11,basic,referral,188.0,0
2580,2024-03,enterprise,referral,62.0,0
2581,2022-11,basic,referral,171.0,1
2582,2023-08,pro,paid,298.0,0
2583,2023-06,basic,paid,213.9,1
2584,2023-06,basic,organic,195.2,1
2585,2023-07,basic,paid,88.0,1
2586,2023-01,basic,organic,431.8,1
2587,2023-03,basic,organic,155.7,1
2588,2022-07,basic,referral,587.1,1
2589,2024-02,basic,referral,100.0,0
2590,2023-04,basic,paid,223.3,1
2591,2024-04,pro,organic,45.0,0
2592,2022-10,enterprise,paid,26.7,1
2593,2023-03,pro,organic,186.5,1
2594,2023-07,basic,referral,76.4,1
2595,2022-11,basic,referral,577.0,0
2596,2023-07,enterprise,organic,327.0,0
2597,2023-12,basic,organic,164.0,0
2598,2023-06,basic,organic,340.0,0
2599,2024-04,enterprise,organic,50.0,0
2600,2022-08,enterprise,organic,329.8,1
2601,2022-12,basic,organic,160.6,1
2602,2022-12,pro,organic,117.2,1
2603,2022-09,basic,organic,250.3,1
2604,2022-11,pro,organic,73.7,1
2605,2023-07,basic,paid,51.7,1
2606,2024-03,basic,organic,85.0,0
2607,2023-09,pro,referral,268.0,0
2608,2022-07,basic,organic,267.0,1
2609,2022-07,pro,organic,214.1,1
2610,2022-11,basic,organic,21.7,1
2611,2024-01,enterprise,paid,147.0,0
2612,2024-01,pro,organic,140.0,0
2613,2022-09,basic,paid,280.6,1
2614,2024-02,pro,organic,102.0,0
2615,2023-04,basic,referral,144.1,1
2616,2023-09,basic,organic,272.0,0
2617,2023-10,basic,organic,217.0,0
2618,2023-01,pro,referral,301.7,1
2619,2022-07,pro,organic,490.4,1
2620,2022-11,enterprise,organic,559.0,0
2621,2023-06,enterprise,referral,350.0,0
2622,2023-07,enterprise,organic,317.0,0
2623,2022-08,basic,organic,17.5,1
2624,2023-04,enterprise,organic,322.3,1
2625,2023-06,pro,organic,19.9,1
2626,2023-01,basic,referral,491.0,0
2627,2023-12,pro,paid,136.9,1
2628,2024-04,basic,paid,45.0,0
2629,2022-09,basic,organic,165.3,1
2630,2023-03,basic,paid,215.4,1
2631,2024-02,basic,paid,118.0,0
2632,2023-10,basic,organic,214.0,0
2633,2022-06,enterprise,referral,286.1,1
2634,2023-03,pro,paid,110.0,1
2635,2023-03,basic,paid,421.1,1
2636,2024-04,basic,organic,51.0,0
2637,2022-07,basic,organic,152.1,1
2638,2022-08,basic,paid,175.9,1
2639,2023-05,pro,paid,394.0,0
2640,2023-10,basic,organic,77.6,1
2641,2023-01,pro,organic,284.1,1
2642,2022-10,pro,referral,293.5,1
2643,2022-11,pro,organic,276.7,1
2644,2022-06,pro,organic,225.0,1
2645,2023-03,basic,paid,441.2,1
2646,2023-10,enterprise,organic,120.4,1
2647,2023-06,pro,organic,358.0,0
2648,2022-10,pro,organic,141.3,1
2649,2023-11,pro,referral,129.0,1
2650,2023-12,pro,organic,166.0,0
2651,2022-12,enterprise,paid,350.5,1
2652,2023-07,basic,referral,319.0,0
2653,2022-10,pro,paid,322.6,1
2654,2024-02,pro,paid,103.0,0
2655,2023-10,basic,paid,241.0,0
2656,2023-11,enterprise,organic,193.0,0
2657,2023-01,basic,paid,5.6,1
2658,2022-12,pro,referral,546.0,0
2659,2023-07,basic,paid,276.3,1
2660,2023-06,basic,organic,344.0,0
2661,2024-02,pro,organic,95.0,0
2662,2023-01,basic,referral,395.3,1
2663,2022-06,basic,organic,124.8,1
2664,2022-11,basic,referral,362.4,1
2665,2023-12,basic,organic,160.0,0
2666,2023-03,pro,paid,291.8,1
2667,2023-11,enterprise,referral,212.0,0
2668,2024-05,basic,paid,21.0,0
2669,2024-01,pro,organic,129.0,0
2670,2024-03,basic,referral,73.0,0
2671,2024-01,pro,organic,141.0,0
2672,2022-11,basic,organic,554.4,1
2673,2023-11,basic,paid,183.6,1
2674,2022-12,basic,organic,312.3,1
2675,2022-07,pro,paid,36.4,1
2676,2023-04,basic,organic,413.0,0
2677,2023-06,basic,organic,240.0,1
2678,2022-12,pro,referral,293.4,1
2679,2024-03,pro,organic,69.0,0
2680,2023-07,basic,paid,144.4,1
2681,2023-06,pro,paid,84.7,1
2682,2022-10,pro,referral,229.9,1
2683,2022-10,basic,paid,33.3,1
2684,2022-09,pro,referral,293.2,1
2685,2023-01,basic,organic,359.8,1
2686,2023-05,pro,organic,78.3,1
2687,2022-10,basic,referral,596.0,0
2688,2022-09,pro,referral,429.5,1
2689,2023-06,basic,paid,96.3,1
2690,2022-06,basic,paid,57.5,1
2691,2022-09,enterprise,paid,89.6,1
2692,2023-05,basic,organic,367.0,0
2693,2024-04,enterprise,referral,49.0,0
2694,2023-12,enterprise,referral,161.0,0
2695,2022-11,enterprise,paid,201.2,1
2696,2024-03,basic,organic,80.0,0
2697,2023-06,pro,organic,338.0,0
2698,2023-03,basic,organic,102.9,1
2699,2022-09,basic,paid,218.1,1
2700,2022-10,enterprise,paid,399.6,1
2701,2022-11,pro,organic,34.9,1
2702,2023-08,basic,paid,136.6,1
2703,2024-02,basic,referral,102.0,0
2704,2023-02,pro,organic,482.0,0
2705,2024-01,pro,paid,130.0,0
2706,2023-04,basic,paid,404.0,0
2707,2022-06,enterprise,organic,706.0,0
2708,2023-05,basic,paid,279.3,1
2709,2023-02,basic,paid,187.4,1
2710,2023-01,pro,organic,248.3,1
2711,2022-10,enterprise,organic,597.0,0
2712,2023-07,basic,referral,293.4,1
2713,2023-06,basic,organic,57.9,1
2714,2024-01,basic,paid,126.0,0
2715,2023-03,pro,paid,190.0,1
2716,2023-11,basic,referral,212.0,0
2717,2023-06,basic,paid,187.1,1
2718,2022-11,enterprise,referral,429.4,1
2719,2024-05,basic,paid,12.0,0
2720,2023-04,pro,organic,406.0,0
2721,2024-01,basic,organic,79.2,1
2722,2023-11,pro,organic,201.0,0
2723,2024-05,basic,organic,24.0,0
2724,2024-01,basic,organic,122.0,0
2725,2022-06,basic,organic,599.7,1
2726,2022-06,pro,organic,210.1,1
2727,2022-12,pro,organic,373.3,1
2728,2023-03,basic,organic,440.0,0
2729,2022-11,basic,paid,27.3,1
2730,2022-08,enterprise,paid,449.3,1
2731,2023-05,basic,referral,192.8,1
2732,2024-05,basic,paid,25.0,0
2733,2023-01,pro,referral,510.0,0
2734,2022-06,basic,paid,105.2,1
2735,2023-11,basic,organic,185.0,0
2736,2023-07,basic,referral,333.0,0
2737,2023-09,basic,organic,147.7,1
2738,2023-08,basic,paid,198.4,1
2739,2022-12,pro,paid,387.7,1
2740,2023-09,pro,organic,177.3,1
2741,2022-07,basic,paid,152.0,1
2742,2022-11,pro,organic,394.9,1
2743,2024-05,basic,organic,19.0,0
2744,2022-10,pro,organic,362.5,1
2745,2022-11,basic,organic,45.6,1
2746,2023-05,pro,organic,154.7,1
2747,2023-06,basic,paid,271.4,1
2748,2022-10,basic,paid,216.7,1
2749,2023-08,basic,paid,23.9,1
2750,2024-02,basic,paid,48.9,1
2751,2023-10,basic,organic,225.0,0
2752,2023-11,pro,organic,190.0,0
2753,2023-01,pro,paid,375.1,1
2754,2024-01,basic,referral,101.6,1
2755,2023-02,enterprise,organic,114.4,1
2756,2023-07,pro,organic,166.1,1
2757,2022-10,pro,paid,452.6,1
2758,2023-06,pro,referral,135.2,1
2759,2022-08,pro,organic,669.0,0
2760,2022-08,basic,organic,338.6,1
2761,2024-01,pro,organic,133.0,0
2762,2023-01,enterprise,paid,407.7,1
2763,2023-12,basic,referral,154.0,0
2764,2022-10,basic,paid,361.5,1
2765,2023-03,basic,organic,457.0,0
2766,2023-11,enterprise,paid,181.8,1
2767,2023-12,basic,referral,179.0,0
2768,2023-07,pro,paid,285.1,1
2769,2022-11,pro,referral,576.0,0
2770,2022-11,enterprise,organic,573.0,0
2771,2024-05,basic,organic,24.0,0
2772,2023-10,pro,paid,164.1,1
2773,2023-08,enterprise,paid,304.0,0
2774,2023-04,basic,referral,421.0,0
2775,2024-02,pro,paid,101.6,1
2776,2023-10,basic,organic,241.0,0
2777,2022-09,pro,organic,192.2,1
2778,2023-06,basic,paid,343.0,0
2779,2022-12,basic,organic,57.3,1
2780,2023-06,basic,paid,349.0,0
2781,2023-07,basic,organic,251.8,1
2782,2023-03,basic,organic,214.1,1
2783,2023-11,pro,paid,186.0,0
2784,2023-12,basic,organic,112.1,1
2785,2022-06,basic,paid,485.8,1
2786,2022-09,pro,paid,337.0,1
2787,2022-12,pro,paid,85.0,1
2788,2024-02,basic,paid,51.4,1
2789,2024-05,enterprise,paid,21.0,0
2790,2024-01,basic,referral,126.0,0
2791,2022-07,pro,organic,193.9,1
2792,2022-10,basic,organic,130.4,1
2793,2023-05,pro,paid,72.3,1
2794,2022-07,enterprise,paid,149.6,1
2795,2024-02,pro,paid,105.0,0
2796,2023-04,pro,paid,195.0,1
2797,2024-01,pro,paid,131.0,0
2798,2023-10,basic,organic,220.0,0
2799,2022-07,pro,paid,106.5,1
2800,2022-09,pro,organic,315.9,1
2801,2024-03,enterprise,organic,73.0,0
2802,2023-12,basic,paid,129.0,1
2803,2023-03,basic,paid,318.1,1
2804,2024-04,pro,organic,44.0,0
2805,2023-05,basic,referral,289.8,1
2806,2023-04,basic,paid,108.5,1
2807,2023-11,basic,paid,193.0,1
2808,2023-11,pro,referral,211.0,0
2809,2023-12,basic,organic,164.0,0
2810,2022-07,basic,paid,673.0,0
2811,2023-08,basic,organic,52.6,1
2812,2023-04,enterprise,organic,421.0,0
2813,2023-10,pro,organic,116.0,1
2814,2023-01,basic,organic,505.0,0
2815,2024-03,basic,paid,73.0,0
2816,2024-04,pro,organic,51.0,0
2817,2022-12,basic,paid,98.9,1
2818,2022-12,pro,organic,60.4,1
2819,2023-11,basic,organic,190.0,0
2820,2023-09,enterprise,referral,255.0,0
2821,2022-07,basic,paid,636.9,1
2822,2024-03,pro,referral,75.0,0
2823,2024-01,basic,paid,131.0,0
2824,2023-07,enterprise,organic,137.0,1
2825,2023-11,enterprise,paid,203.0,0
2826,2023-02,pro,paid,135.0,1
2827,2023-01,basic,organic,94.9,1
2828,2023-05,basic,referral,378.0,0
2829,2023-03,pro,paid,319.4,1
2830,2023-07,pro,paid,69.3,1
2831,2022-12,basic,paid,236.2,1
2832,2024-05,basic,paid,30.0,0
2833,2023-10,basic,organic,81.8,1
2834,2023-01,pro,referral,492.0,0
2835,2023-10,pro,organic,98.3,1
2836,2024-04,pro,organic,56.0,0
2837,2023-09,pro,organic,248.0,0
2838,2023-01,basic,paid,289.2,1
2839,2024-03,basic,referral,87.0,0
2840,2022-12,basic,referral,521.0,0
2841,2022-11,pro,paid,558.0,0
2842,2023-03,basic,referral,447.8,1
2843,2023-12,basic,paid,175.0,0
2844,2022-10,basic,organic,217.7,1
2845,2023-12,basic,paid,154.0,0
2846,2022-08,pro,organic,652.0,0
2847,2023-01,basic,organic,508.0,0
2848,2024-04,basic,organic,39.0,0
2849,2022-11,pro,organic,575.0,0
2850,2023-06,basic,referral,364.0,0
2851,2023-07,basic,referral,296.5,1
2852,2023-08,basic,organic,148.9,1
2853,2023-03,pro,paid,176.2,1
2854,2022-12,basic,organic,461.3,1
2855,2022-08,pro,organic,128.2,1
2856,2023-11,enterprise,organic,196.0,0
2857,2023-03,pro,organic,305.7,1
2858,2023-01,basic,organic,494.0,0
2859,2023-02,pro,organic,485.0,0
2860,2023-06,basic,organic,303.0,1
2861,2023-08,basic,organic,281.0,0
2862,2022-12,basic,referral,231.8,1
2863,2023-10,basic,organic,216.0,0
2864,2024-01,basic,organic,149.0,0
2865,2023-05,basic,paid,392.0,0
2866,2023-11,basic,organic,192.0,0
2867,2024-05,basic,paid,23.0,0
2868,2024-04,pro,organic,37.0,0
2869,2023-01,enterprise,paid,401.0,1
2870,2022-07,basic,paid,307.9,1
2871,2023-07,pro,paid,249.2,1
2872,2024-02,basic,paid,33.2,1
2873,2022-10,basic,organic,83.9,1
2874,2023-11,basic,organic,188.0,0
2875,2022-06,basic,organic,342.0,1
2876,2023-04,basic,paid,121.0,1
2877,2023-12,basic,organic,54.4,1
2878,2023-06,basic,organic,293.3,1
2879,2023-10,basic,paid,241.0,0
2880,2022-11,basic,organic,137.4,1
2881,2024-03,basic,organic,76.0,0
2882,2022-09,basic,paid,96.7,1
2883,2022-11,basic,organic,552.0,0
2884,2022-09,basic,referral,620.0,0
2885,2022-08,basic,referral,168.1,1
2886,2023-12,basic,referral,165.0,0
2887,2023-05,basic,organic,248.7,1
2888,2022-09,enterprise,organic,240.3,1
2889,2023-09,basic,paid,65.2,1
2890,2024-04,basic,paid,43.0,0
2891,2023-11,basic,paid,3.6,1
2892,2023-12,enterprise,organic,174.0,0
2893,2022-09,pro,organic,626.0,0
2894,2023-07,pro,organic,134.4,1
2895,2023-01,enterprise,organic,492.0,0
2896,2022-07,basic,organic,81.0,1
2897,2023-10,enterprise,referral,215.0,0
2898,2022-12,basic,organic,548.0,0
2899,2024-05,pro,paid,16.0,0
2900,2024-03,basic,referral,74.0,0
2901,2024-02,basic,organic,103.4,1
2902,2023-10,enterprise,paid,224.0,0
2903,2023-08,basic,paid,290.0,0
2904,2023-06,enterprise,organic,343.0,0
2905,2023-12,basic,paid,176.0,0
2906,2024-04,pro,referral,47.0,0
2907,2023-01,enterprise,paid,304.4,1
2908,2024-05,basic,referral,17.0,0
2909,2022-10,enterprise,referral,582.0,0
2910,2022-08,pro,organic,284.1,1
2911,2023-01,pro,paid,469.5,1
2912,2023-03,basic,paid,245.0,1
2913,2023-02,basic,paid,153.2,1
2914,2023-02,pro,paid,346.1,1
2915,2022-08,basic,paid,670.0,0
2916,2022-07,basic,referral,675.6,1
2917,2023-07,basic,organic,132.2,1
2918,2023-03,pro,paid,444.0,0
2919,2022-11,basic,organic,110.7,1
2920,2024-06,pro,paid,0.0,0
2921,2023-05,enterprise,paid,379.0,0
2922,2023-02,basic,paid,94.6,1
2923,2023-01,basic,organic,367.9,1
2924,2023-09,pro,paid,265.0,0
2925,2023-11,basic,organic,212.0,0
2926,2024-01,pro,organic,131.0,0
2927,2023-04,pro,organic,401.0,0
2928,2022-08,pro,referral,209.3,1
2929,2022-08,basic,organic,314.4,1
2930,2023-09,pro,referral,259.0,0
2931,2023-11,pro,organic,185.0,0
2932,2022-11,basic,paid,384.1,1
2933,2022-12,pro,paid,102.0,1
2934,2023-06,enterprise,paid,363.0,0
2935,2023-08,pro,paid,64.8,1
2936,2024-03,basic,paid,89.0,0
2937,2022-11,basic,referral,354.5,1
2938,2023-03,basic,paid,444.0,0
2939,2023-09,basic,organic,130.4,1
2940,2022-08,basic,organic,533.3,1
2941,2023-02,enterprise,paid,379.4,1
2942,2022-08,basic,paid,40.7,1
2943,2023-06,pro,paid,195.2,1
2944,2023-07,basic,paid,327.0,0
2945,2022-07,basic,organic,121.6,1
2946,2022-07,basic,paid,227.8,1
2947,2022-07,basic,paid,691.0,0
2948,2022-10,pro,paid,289.2,1
2949,2023-07,enterprise,paid,174.7,1
2950,2024-01,enterprise,referral,151.0,0
2951,2023-08,basic,paid,99.0,1
2952,2022-07,pro,referral,307.6,1
2953,2023-09,basic,organic,261.0,0
2954,2022-12,enterprise,paid,544.0,0
2955,2022-08,basic,paid,110.6,1
2956,2022-07,basic,paid,265.4,1
2957,2022-07,basic,organic,589.9,1
2958,2023-04,basic,paid,293.6,1
2959,2023-06,basic,organic,79.8,1
2960,2022-06,enterprise,referral,711.0,0
2961,2023-12,pro,organic,157.0,0
2962,2024-01,enterprise,organic,135.0,0
2963,2022-07,basic,paid,602.9,1
2964,2023-01,pro,organic,29.8,1
2965,2023-05,basic,organic,263.8,1
2966,2024-02,basic,paid,95.0,0
2967,2023-05,basic,paid,93.7,1
2968,2022-07,basic,organic,392.6,1
2969,2023-03,pro,paid,118.0,1
2970,2023-08,basic,paid,22.1,1
2971,2023-05,basic,paid,105.0,1
2972,2022-09,pro,organic,232.0,1
2973,2022-08,basic,organic,331.9,1
2974,2023-08,enterprise,referral,281.6,1
2975,2023-03,basic,paid,437.0,0
2976,2023-11,pro,organic,201.0,0
2977,2023-07,pro,referral,324.0,0
2978,2023-12,pro,organic,158.0,0
2979,2023-05,pro,paid,69.7,1
2980,2023-04,enterprise,paid,344.7,1
2981,2023-10,pro,referral,243.0,0
2982,2023-11,basic,referral,195.0,0
2983,2024-02,basic,organic,51.1,1
2984,2024-02,pro,paid,100.0,0
2985,2023-01,basic,organic,87.9,1
2986,2023-12,basic,paid,74.7,1
2987,2024-03,basic,paid,61.6,1
2988,2022-06,basic,organic,399.4,1
2989,2023-11,basic,organic,187.0,0
2990,2022-08,pro,organic,132.9,1
2991,2023-03,pro,organic,86.2,1
2992,2023-01,pro,organic,514.0,0
2993,2023-04,basic,referral,403.0,0
2994,2024-01,basic,paid,130.0,0
2995,2022-10,pro,paid,132.5,1
2996,2022-10,basic,referral,105.0,1
2997,2023-09,pro,paid,233.2,1
2998,2022-11,basic,organic,549.0,0
2999,2023-05,enterprise,referral,390.0,0
3000,2022-08,basic,paid,63.2,1
3001,2022-11,pro,paid,388.6,1
3002,2024-05,pro,referral,29.0,0
3003,2022-09,basic,paid,305.5,1
3004,2022-07,pro,paid,114.1,1
3005,2022-12,basic,referral,378.1,1
3006,2024-03,pro,paid,86.0,0
3007,2022-10,pro,referral,581.0,0
3008,2023-02,basic,organic,36.5,1
3009,2023-10,basic,organic,243.0,0
3010,2022-09,pro,paid,318.9,1
3011,2023-04,basic,organic,407.0,0
3012,2022-09,enterprise,referral,614.0,0
3013,2023-02,pro,organic,157.2,1
3014,2023-11,pro,paid,124.5,1
3015,2022-06,basic,organic,329.6,1
3016,2023-04,pro,referral,128.8,1
3017,2023-05,enterprise,organic,372.0,0
3018,2023-08,basic,organic,86.4,1
3019,2024-02,basic,organic,98.0,0
3020,2023-01,basic,paid,277.7,1
3021,2023-07,basic,referral,118.7,1
3022,2022-07,pro,referral,121.2,1
3023,2022-07,basic,organic,142.4,1
3024,2022-11,pro,paid,184.3,1
3025,2023-12,basic,organic,111.9,1
3026,2023-01,basic,paid,117.6,1
3027,2024-05,basic,paid,14.0,0
3028,2022-10,pro,organic,432.1,1
3029,2023-06,pro,paid,189.1,1
3030,2022-07,basic,referral,303.7,1
3031,2023-09,pro,organic,105.5,1
3032,2023-11,basic,organic,189.0,0
3033,2022-06,basic,organic,578.3,1
3034,2023-05,basic,organic,382.0,0
3035,2022-09,enterprise,organic,211.2,1
3036,2022-08,pro,paid,655.0,0
3037,2023-05,pro,organic,117.4,1
3038,2023-07,basic,paid,328.0,0
3039,2023-04,basic,referral,398.0,0
3040,2022-09,pro,referral,218.0,1
3041,2022-07,basic,paid,244.8,1
3042,2023-10,enterprise,organic,236.0,0
3043,2022-12,pro,organic,531.0,0
3044,2023-11,basic,organic,205.0,0
3045,2023-03,pro,referral,430.8,1
3046,2022-10,enterprise,referral,206.6,1
3047,2022-09,basic,organic,638.0,0
3048,2023-07,pro,organic,323.0,0
3049,2023-09,enterprise,paid,266.0,0
3050,2023-12,basic,organic,18.9,1
3051,2024-02,enterprise,referral,96.0,0
3052,2023-09,basic,organic,95.8,1
3053,2022-09,pro,organic,386.2,1
3054,2023-08,pro,organic,301.0,0
3055,2023-10,pro,organic,125.2,1
3056,2022-12,basic,organic,83.6,1
3057,2023-12,pro,referral,155.0,0
3058,2023-11,basic,organic,110.3,1
3059,2022-07,basic,paid,54.8,1
3060,2024-04,basic,organic,58.0,0
3061,2023-08,pro,organic,298.0,0
3062,2023-04,basic,organic,21.7,1
3063,2023-12,basic,organic,165.0,0
3064,2023-11,enterprise,organic,202.0,0
3065,2023-12,basic,organic,159.0,0
3066,2023-09,basic,referral,248.0,0
3067,2022-08,basic,paid,73.7,1
3068,2023-07,basic,referral,147.6,1
3069,2023-08,pro,organic,300.0,0
3070,2023-08,basic,paid,222.0,1
3071,2022-07,basic,paid,694.0,0
3072,2024-03,enterprise,organic,84.0,0
3073,2022-09,pro,organic,627.0,0
3074,2023-10,pro,paid,208.4,1
3075,2022-07,pro,paid,238.7,1
3076,2023-10,enterprise,paid,226.0,0
3077,2024-04,basic,organic,59.0,0
3078,2023-05,pro,referral,298.0,1
3079,2023-12,pro,organic,164.0,0
3080,2022-12,basic,referral,542.0,0
3081,2023-02,basic,referral,473.0,0
3082,2023-01,basic,referral,335.2,1
3083,2024-01,pro,paid,139.0,0
3084,2023-01,pro,organic,196.5,1
3085,2023-10,pro,paid,224.0,0
3086,2022-06,basic,paid,73.5,1
3087,2022-12,basic,paid,439.2,1
3088,2023-04,basic,organic,135.7,1
3089,2022-09,basic,organic,570.4,1
3090,2023-04,enterprise,organic,424.0,0
3091,2023-05,enterprise,paid,397.0,0
3092,2023-12,enterprise,paid,170.0,0
3093,2023-01,pro,referral,488.0,0
3094,2023-09,enterprise,paid,188.2,1
3095,2024-05,basic,paid,31.0,0
3096,2022-10,basic,organic,34.2,1
3097,2024-04,basic,paid,37.0,0
3098,2023-02,basic,organic,222.5,1
3099,2024-02,basic,organic,104.8,1
3100,2023-07,basic,organic,311.0,0
3101,2022-09,enterprise,organic,458.3,1
3102,2024-03,basic,organic,67.0,0
3103,2023-02,enterprise,paid,229.4,1
3104,2023-03,pro,organic,441.0,0
3105,2022-09,pro,organic,469.2,1
3106,2024-01,pro,organic,124.0,0
3107,2022-11,basic,paid,218.7,1
3108,2023-07,pro,paid,324.0,0
3109,2023-07,basic,organic,308.0,0
3110,2023-09,enterprise,organic,206.9,1
3111,2023-08,basic,referral,277.0,0
3112,2023-05,basic,paid,266.4,1
3113,2024-03,pro,paid,10.5,1
3114,2023-07,pro,paid,59.0,1
3115,2023-02,basic,referral,469.0,0
3116,2023-06,pro,referral,358.0,0
3117,2024-02,basic,organic,119.0,0
3118,2023-09,pro,paid,52.9,1
3119,2023-07,basic,organic,318.0,0
3120,2023-02,basic,paid,239.2,1
3121,2022-08,basic,organic,464.6,1
3122,2023-05,basic,organic,244.7,1
3123,2023-02,basic,referral,486.0,0
3124,2024-04,basic,referral,55.0,0
3125,2022-07,basic,organic,292.3,1
3126,2023-10,basic,referral,226.0,0
3127,2023-09,basic,organic,98.7,1
3128,2023-12,basic,paid,160.0,0
3129,2024-04,pro,referral,60.0,0
3130,2022-11,enterprise,organic,568.0,0
3131,2023-12,basic,paid,88.9,1
3132,2023-11,enterprise,paid,203.0,0
3133,2024-01,basic,organic,122.4,1
3134,2022-07,basic,organic,286.2,1
3135,2022-11,pro,organic,348.3,1
3136,2022-08,pro,paid,242.3,1
3137,2022-09,pro,organic,620.0,0
3138,2022-08,basic,organic,488.8,1
3139,2023-06,pro,paid,140.1,1
3140,2024-01,basic,organic,122.0,0
3141,2023-10,basic,organic,235.0,0
3142,2023-11,basic,paid,29.3,1
3143,2023-01,enterprise,paid,516.0,0
3144,2024-05,basic,organic,18.0,0
3145,2024-02,pro,referral,102.0,0
3146,2023-01,pro,paid,491.0,0
3147,2024-03,pro,organic,53.5,1
3148,2024-04,pro,paid,30.9,1
3149,2024-03,pro,paid,78.0,0
3150,2023-01,basic,paid,28.5,1
3151,2024-02,basic,paid,100.0,0
3152,2024-02,pro,paid,17.9,1
3153,2023-12,basic,referral,131.6,1
3154,2022-12,basic,paid,370.8,1
3155,2024-01,basic,referral,144.0,0
3156,2024-05,basic,paid,25.0,0
3157,2022-08,basic,referral,547.0,1
3158,2022-09,basic,referral,508.8,1
3159,2024-01,enterprise,organic,133.0,0
3160,2023-11,basic,organic,191.0,0
3161,2024-01,enterprise,paid,135.0,0
3162,2022-12,enterprise,organic,518.0,0
3163,2023-12,basic,paid,105.2,1
3164,2022-08,pro,paid,373.4,1
3165,2022-10,pro,referral,513.2,1
3166,2023-04,pro,organic,423.0,0
3167,2024-05,basic,paid,6.0,0
3168,2022-09,basic,organic,198.6,1
3169,2022-12,basic,paid,491.6,1
3170,2022-11,pro,organic,264.8,1
3171,2024-04,enterprise,paid,51.0,0
3172,2023-01,pro,paid,183.5,1
3173,2022-10,pro,paid,361.8,1
3174,2022-07,enterprise,paid,147.8,1
3175,2023-04,pro,organic,417.0,0
3176,2023-06,basic,organic,70.9,1
3177,2023-07,pro,organic,306.0,0
3178,2023-01,basic,referral,504.0,0
3179,2022-08,basic,referral,323.0,1
3180,2023-03,basic,organic,431.0,0
3181,2023-12,enterprise,organic,163.0,0
3182,2024-05,basic,organic,12.0,0
3183,2023-03,basic,paid,87.0,1
3184,2022-09,basic,organic,226.4,1
3185,2024-04,basic,organic,20.4,1
3186,2023-08,basic,organic,286.0,0
3187,2022-07,pro,organic,676.0,0
3188,2023-06,pro,organic,153.8,1
3189,2023-12,basic,organic,158.0,0
3190,2023-09,basic,paid,254.0,0
3191,2023-08,basic,paid,293.0,0
3192,2024-03,basic,organic,84.0,0
3193,2023-02,pro,paid,406.4,1
3194,2023-04,pro,paid,426.0,0
3195,2023-02,pro,paid,225.9,1
3196,2023-03,basic,referral,188.4,1
3197,2024-05,pro,organic,12.0,0
3198,2024-01,basic,referral,125.0,0
3199,2024-02,basic,paid,119.0,0
3200,2024-03,enterprise,paid,70.0,0
3201,2022-12,pro,organic,529.0,0
3202,2024-03,enterprise,organic,86.0,0
3203,2023-02,enterprise,organic,468.3,1
3204,2024-01,pro,referral,128.0,0
3205,2024-03,enterprise,paid,85.0,0
3206,2024-02,basic,organic,117.0,0
3207,2023-06,basic,paid,140.8,1
3208,2023-02,basic,organic,88.9,1
3209,2022-10,basic,organic,425.7,1
3210,2024-03,basic,paid,92.0,0
3211,2023-03,basic,paid,101.3,1
3212,2022-11,pro,paid,490.5,1
3213,2023-10,pro,paid,210.4,1
3214,2024-04,pro,paid,57.0,0
3215,2024-02,basic,referral,112.0,0
3216,2024-03,pro,organic,65.0,0
3217,2022-09,basic,paid,230.6,1
3218,2023-09,basic,paid,93.5,1
3219,2023-05,basic,organic,376.0,0
3220,2022-11,basic,organic,286.0,1
3221,2023-09,basic,organic,267.0,0
3222,2023-02,pro,organic,280.8,1
3223,2024-04,pro,paid,55.0,0
3224,2023-06,pro,organic,346.0,0
3225,2024-03,basic,paid,69.0,0
3226,2023-12,pro,organic,178.0,0
3227,2023-11,pro,organic,211.0,0
3228,2023-01,basic,organic,148.3,1
3229,2023-02,pro,organic,485.0,0
3230,2022-12,basic,referral,175.0,1
3231,2024-04,basic,organic,44.0,0
3232,2022-06,basic,organic,75.7,1
3233,2024-04,basic,organic,39.0,0
3234,2022-10,basic,organic,282.7,1
3235,2022-12,basic,paid,532.0,0
3236,2023-04,basic,paid,42.3,1
3237,2023-07,enterprise,organic,315.0,0
3238,2022-12,basic,paid,149.6,1
3239,2022-12,basic,paid,108.3,1
3240,2024-02,basic,referral,98.0,0
3241,2022-11,enterprise,paid,345.7,1
3242,2024-04,pro,organic,56.0,0
3243,2023-06,enterprise,paid,360.0,0
3244,2023-02,basic,referral,43.2,1
3245,2022-10,basic,paid,50.2,1
3246,2023-07,pro,referral,55.5,1
3247,2023-12,basic,referral,150.2,1
3248,2023-06,pro,organic,353.0,0
3249,2023-12,enterprise,paid,180.0,0
3250,2023-05,basic,paid,380.0,0
3251,2023-07,enterprise,paid,221.1,1
3252,2022-11,pro,paid,561.0,0
3253,2023-12,basic,referral,110.6,1
3254,2024-01,basic,paid,143.0,0
3255,2023-06,basic,paid,341.0,0
3256,2024-04,pro,organic,36.0,0
3257,2023-12,basic,organic,165.0,0
3258,2023-09,basic,referral,254.0,0
3259,2023-06,pro,paid,351.0,0
3260,2023-11,basic,organic,193.0,0
3261,2023-04,basic,referral,403.0,0
3262,2022-09,pro,referral,80.0,1
3263,2023-05,basic,paid,206.7,1
3264,2023-11,basic,organic,206.0,0
3265,2024-04,basic,paid,44.0,0
3266,2024-02,basic,organic,98.0,0
3267,2023-04,basic,organic,382.3,1
3268,2023-01,pro,paid,492.0,0
3269,2024-04,enterprise,referral,35.0,0
3270,2024-01,basic,organic,133.0,0
3271,2023-10,enterprise,referral,229.0,0
3272,2023-10,pro,referral,230.0,0
3273,2022-07,pro,organic,690.0,0
3274,2024-01,pro,organic,146.0,0
3275,2024-04,pro,paid,45.0,0
3276,2023-09,pro,paid,75.5,1
3277,2024-02,basic,organic,96.0,0
3278,2024-03,basic,paid,86.0,1
3279,2023-08,basic,paid,60.3,1
3280,2023-10,basic,paid,15.0,1
3281,2024-03,pro,paid,66.0,0
3282,2023-03,basic,organic,435.0,0
3283,2023-06,basic,organic,40.4,1
3284,2024-04,basic,organic,55.0,0
3285,2022-09,basic,referral,621.0,0
3286,2023-11,pro,referral,204.0,0
3287,2022-07,pro,paid,45.9,1
3288,2022-08,basic,organic,612.5,1
3289,2023-07,basic,paid,92.2,1
3290,2023-12,basic,organic,164.0,0
3291,2022-10,basic,organic,159.4,1
3292,2023-09,pro,organic,260.0,0
3293,2024-02,pro,referral,117.0,0
3294,2023-05,basic,organic,279.1,1
3295,2023-06,basic,paid,47.0,1
3296,2022-09,enterprise,referral,612.0,0
3297,2022-12,pro,paid,525.0,0
3298,2022-09,basic,organic,553.0,1
3299,2022-12,basic,referral,528.0,0
3300,2023-02,basic,paid,13.1,1
3301,2023-06,enterprise,paid,360.0,0
3302,2022-06,basic,paid,382.8,1
3303,2022-07,basic,referral,149.3,1
3304,2022-09,enterprise,paid,611.0,0
3305,2022-11,pro,paid,509.7,1
3306,2023-04,basic,paid,130.7,1
3307,2023-11,basic,organic,187.0,0
3308,2022-09,basic,paid,71.0,1
3309,2024-05,pro,organic,7.0,0
3310,2023-12,basic,organic,163.0,0
3311,2023-08,enterprise,organic,290.0,0
3312,2023-04,enterprise,organic,187.6,1
3313,2023-04,basic,organic,382.7,1
3314,2024-01,pro,paid,126.0,0
3315,2024-03,basic,organic,75.0,0
3316,2023-12,basic,organic,160.0,0
3317,2023-09,pro,referral,251.0,0
3318,2024-05,basic,referral,10.0,0
3319,2023-01,basic,paid,221.4,1
3320,2023-12,basic,organic,178.0,0
3321,2023-09,basic,organic,158.8,1
3322,2023-10,basic,organic,222.2,1
3323,2023-05,pro,organic,368.0,0
3324,2022-09,pro,referral,619.0,0
3325,2024-02,pro,paid,51.9,1
3326,2023-09,pro,organic,245.0,0
3327,2023-01,basic,referral,498.0,0
3328,2024-05,pro,organic,31.0,0
3329,2022-10,basic,organic,239.7,1
3330,2022-07,basic,organic,472.0,1
3331,2023-03,enterprise,organic,214.8,1
3332,2022-07,basic,referral,235.4,1
3333,2023-08,basic,organic,297.0,0
3334,2023-08,basic,paid,172.6,1
3335,2024-03,basic,organic,76.0,0
3336,2024-05,basic,referral,25.0,0
3337,2023-12,basic,paid,151.0,1
3338,2023-06,enterprise,paid,344.0,0
3339,2023-06,basic,organic,67.5,1
3340,2023-12,basic,referral,156.0,0
3341,2023-03,basic,paid,375.3,1
3342,2024-01,pro,organic,27.3,1
3343,2023-10,basic,referral,234.0,0
3344,2024-01,basic,organic,140.0,0
3345,2023-01,basic,organic,275.8,1
3346,2023-05,pro,paid,32.2,1
3347,2022-12,pro,organic,472.7,1
3348,2024-04,pro,paid,41.0,0
3349,2023-07,pro,organic,306.0,0
3350,2022-07,basic,organic,457.4,1
3351,2024-04,basic,organic,38.0,0
3352,2023-08,basic,organic,238.8,1
3353,2024-05,basic,referral,29.0,0
3354,2024-02,basic,paid,105.0,0
3355,2023-07,basic,paid,333.0,0
3356,2024-02,basic,organic,113.0,0
3357,2023-05,pro,paid,373.0,0
3358,2022-08,basic,organic,431.0,1
3359,2024-01,pro,organic,144.0,0
3360,2024-03,pro,paid,77.0,0
3361,2022-10,basic,paid,69.2,1
3362,2023-07,basic,paid,210.9,1
3363,2022-09,pro,referral,342.9,1
3364,2023-10,pro,referral,138.4,1
3365,2023-03,basic,organic,181.1,1
3366,2022-08,basic,organic,68.8,1
3367,2024-01,pro,organic,123.0,0
3368,2022-11,pro,paid,240.8,1
3369,2023-03,basic,referral,454.0,0
3370,2022-10,basic,referral,572.1,1
3371,2024-01,enterprise,organic,122.0,0
3372,2023-07,basic,referral,312.0,0
3373,2024-03,pro,paid,43.0,1
3374,2022-07,basic,referral,538.1,1
3375,2024-04,basic,paid,45.0,0
3376,2024-04,basic,organic,47.0,0
3377,2022-08,basic,organic,36.7,1
3378,2023-10,enterprise,referral,216.0,0
3379,2023-03,basic,organic,391.8,1
3380,2023-11,enterprise,organic,186.4,1
3381,2023-02,basic,organic,463.4,1
3382,2024-01,pro,organic,138.0,0
3383,2023-07,enterprise,referral,194.4,1
3384,2023-05,pro,organic,145.7,1
3385,2023-10,basic,organic,240.0,0
3386,2023-12,pro,paid,181.0,0
3387,2024-02,basic,paid,100.0,0
3388,2023-01,enterprise,organic,508.0,0
3389,2024-02,basic,organic,121.0,0
3390,2023-11,basic,organic,210.0,0
3391,2023-10,basic,organic,242.0,0
3392,2023-07,pro,organic,327.0,0
3393,2023-01,enterprise,organic,202.1,1
3394,2023-07,basic,paid,177.2,1
3395,2022-09,pro,referral,627.0,0
3396,2023-01,enterprise,referral,150.3,1
3397,2022-10,basic,organic,108.0,1
3398,2023-01,basic,organic,472.4,1
3399,2024-02,pro,referral,57.8,1
3400,2022-06,pro,paid,460.5,1
3401,2022-11,basic,paid,311.7,1
3402,2023-04,pro,organic,412.0,0
3403,2024-02,basic,organic,118.0,0
3404,2024-01,enterprise,paid,124.0,0
3405,2023-03,enterprise,paid,387.2,1
3406,2023-08,pro,organic,98.4,1
3407,2023-02,basic,referral,486.0,0
3408,2023-09,basic,paid,268.0,0
3409,2023-05,basic,paid,271.2,1
3410,2024-01,basic,organic,135.0,0
3411,2024-02,pro,paid,40.2,1
3412,2024-04,basic,paid,54.0,0
3413,2022-10,basic,organic,121.8,1
3414,2023-04,basic,paid,102.7,1
3415,2022-07,basic,paid,347.5,1
3416,2022-12,basic,referral,539.0,0
3417,2022-11,pro,organic,467.5,1
3418,2023-06,pro,referral,190.8,1
3419,2022-10,basic,paid,287.7,1
3420,2022-07,pro,organic,678.0,0
3421,2022-12,pro,organic,270.7,1
3422,2024-03,basic,organic,76.0,0
3423,2023-02,pro,organic,364.2,1
3424,2024-03,basic,paid,86.0,0
3425,2024-04,basic,paid,55.0,0
3426,2023-01,basic,organic,360.1,1
3427,2022-10,basic,referral,101.2,1
3428,2024-02,enterprise,organic,114.0,0
3429,2024-04,enterprise,paid,53.0,0
3430,2022-09,pro,referral,228.0,1
3431,2024-02,pro,referral,95.0,0
3432,2024-05,pro,paid,25.0,0
3433,2022-12,enterprise,paid,78.4,1
3434,2022-09,basic,organic,118.2,1
3435,2023-05,basic,organic,370.0,0
3436,2023-05,pro,organic,388.0,0
3437,2023-10,basic,organic,242.0,0
3438,2023-12,basic,organic,171.0,0
3439,2022-12,basic,organic,36.4,1
3440,2022-09,pro,referral,396.5,1
3441,2023-10,basic,referral,231.0,0
3442,2023-11,basic,referral,56.9,1
3443,2023-11,basic,paid,120.3,1
3444,2024-04,basic,organic,36.0,0
3445,2023-11,enterprise,organic,140.2,1
3446,2024-05,basic,paid,18.0,0
3447,2022-11,pro,paid,270.9,1
3448,2023-11,pro,organic,184.0,0
3449,2023-01,basic,paid,37.9,1
3450,2023-05,pro,paid,391.0,0
3451,2022-10,pro,organic,571.9,1
3452,2022-07,pro,organic,270.6,1
3453,2023-09,basic,organic,74.5,1
3454,2024-03,basic,paid,63.0,0
3455,2022-12,enterprise,referral,539.0,0
3456,2024-05,pro,paid,15.0,0
3457,2023-12,enterprise,paid,160.0,0
3458,2024-04,enterprise,referral,38.0,0
3459,2022-08,basic,organic,388.2,1
3460,2024-05,pro,paid,3.0,0
3461,2023-06,basic,paid,130.1,1
3462,2023-08,pro,paid,244.3,1
3463,2023-02,basic,organic,132.2,1
3464,2023-11,basic,referral,208.0,0
3465,2022-09,pro,referral,200.2,1
3466,2022-12,pro,organic,528.0,0
3467,2023-07,pro,organic,108.6,1
3468,2023-09,basic,organic,257.0,0
3469,2022-10,basic,paid,463.3,1
3470,2022-12,enterprise,paid,545.0,0
3471,2023-08,basic,organic,287.0,0
3472,2023-09,basic,referral,245.0,0
3473,2024-05,pro,organic,27.0,0
3474,2024-04,basic,paid,49.9,1
3475,2024-04,pro,organic,38.0,0
3476,2024-05,basic,paid,17.0,0
3477,2024-02,pro,paid,110.0,0
3478,2022-09,enterprise,organic,262.9,1
3479,2022-11,enterprise,organic,574.0,0
3480,2022-10,pro,referral,608.0,0
3481,2023-03,basic,paid,449.0,0
3482,2023-03,pro,referral,449.0,0
3483,2024-03,pro,paid,89.0,0
3484,2023-01,pro,paid,503.0,0
3485,2023-11,pro,organic,201.0,0
3486,2023-05,pro,paid,104.3,1
3487,2022-07,pro,organic,687.0,0
3488,2022-09,pro,organic,310.9,1
3489,2023-12,basic,organic,167.0,0
3490,2022-12,basic,organic,69.3,1
3491,2024-03,pro,referral,74.0,0
3492,2024-05,basic,referral,19.0,0
3493,2024-05,pro,paid,20.0,0
3494,2024-01,pro,organic,122.0,0
3495,2023-01,basic,referral,500.0,0
3496,2023-09,pro,paid,182.7,1
3497,2024-05,pro,organic,11.0,0
3498,2022-06,pro,paid,426.6,1
3499,2023-05,basic,paid,275.2,1
3500,2023-08,pro,organic,283.0,0
3501,2023-05,basic,paid,161.3,1
3502,2023-05,pro,paid,33.7,1
3503,2023-06,basic,organic,338.0,0
3504,2023-03,pro,organic,7.3,1
3505,2022-09,pro,paid,568.9,1
3506,2023-10,pro,paid,119.4,1
3507,2023-06,basic,referral,67.1,1
3508,2024-05,pro,referral,2.0,0
3509,2022-09,pro,paid,619.0,0
3510,2023-10,basic,paid,220.0,0
3511,2023-11,enterprise,paid,195.0,0
3512,2022-06,pro,paid,221.2,1
3513,2023-04,enterprise,organic,6.6,1
3514,2024-03,enterprise,paid,88.0,0
3515,2023-11,enterprise,paid,191.0,0
3516,2023-09,pro,paid,254.0,0
3517,2022-06,pro,referral,443.2,1
3518,2023-07,basic,paid,171.2,1
3519,2023-12,basic,organic,165.0,0
3520,2023-04,pro,organic,203.5,1
3521,2023-08,basic,organic,291.0,0
3522,2024-04,pro,organic,39.0,0
3523,2022-09,basic,paid,235.6,1
3524,2024-05,basic,organic,11.0,0
3525,2022-08,basic,organic,207.4,1
3526,2022-11,basic,organic,186.3,1
3527,2024-04,basic,paid,54.0,0
3528,2022-12,basic,paid,84.6,1
3529,2022-11,pro,organic,393.1,1
3530,2023-03,basic,organic,433.0,0
3531,2023-04,basic,organic,36.5,1
3532,2024-04,basic,organic,35.0,0
3533,2024-04,basic,organic,42.0,0
3534,2022-12,basic,organic,41.1,1
3535,2024-03,pro,organic,76.0,0
3536,2023-12,pro,referral,174.0,0
3537,2023-06,basic,paid,192.2,1
3538,2024-02,pro,referral,118.0,0
3539,2022-11,basic,organic,233.0,1
3540,2022-10,basic,organic,48.7,1
3541,2022-10,enterprise,referral,606.0,0
3542,2024-04,basic,organic,35.0,0
3543,2023-07,enterprise,paid,308.0,0
3544,2022-10,basic,referral,339.6,1
3545,2023-09,basic,paid,83.0,1
3546,2023-01,basic,organic,500.0,0
3547,2023-04,basic,paid,177.6,1
3548,2023-09,enterprise,organic,249.0,0
3549,2023-11,basic,organic,146.8,1
3550,2023-02,pro,organic,239.2,1
3551,2024-02,pro,referral,96.0,0
3552,2022-09,pro,paid,364.8,1
3553,2023-04,basic,organic,227.1,1
3554,2024-03,basic,organic,80.0,0
3555,2023-01,basic,paid,127.5,1
3556,2023-07,pro,referral,310.0,0
3557,2024-01,basic,organic,85.1,1
3558,2022-07,enterprise,organic,691.0,0
3559,2022-12,pro,referral,518.0,0
3560,2023-04,basic,referral,40.1,1
3561,2022-09,pro,referral,611.0,0
3562,2023-05,basic,organic,65.7,1
3563,2023-07,enterprise,organic,317.0,0
3564,2024-01,basic,organic,56.9,1
3565,2024-02,enterprise,organic,110.0,0
3566,2023-07,pro,referral,198.4,1
3567,2023-07,pro,organic,225.0,1
3568,2022-12,basic,paid,189.6,1
3569,2023-07,pro,referral,318.0,0
3570,2023-04,basic,referral,427.0,0
3571,2022-10,pro,paid,477.8,1
3572,2022-06,basic,referral,48.9,1
3573,2023-10,basic,organic,232.0,0
3574,2022-08,basic,organic,144.8,1
3575,2022-10,basic,organic,281.3,1
3576,2024-04,basic,referral,48.0,0
3577,2023-10,pro,referral,18.4,1
3578,2023-12,basic,organic,157.0,0
3579,2023-02,pro,organic,331.7,1
3580,2023-04,basic,organic,311.8,1
3581,2023-06,pro,organic,356.0,0
3582,2022-11,pro,referral,549.0,0
3583,2023-10,basic,organic,175.0,1
3584,2023-08,pro,paid,275.0,0
3585,2022-09,enterprise,paid,183.8,1
3586,2022-07,pro,organic,297.6,1
3587,2022-11,basic,organic,558.0,0
3588,2023-12,basic,referral,156.0,0
3589,2024-03,pro,paid,81.0,0
3590,2024-01,basic,organic,121.1,1
3591,2023-08,pro,organic,304.0,0
3592,2023-12,basic,referral,170.0,0
3593,2022-08,pro,referral,473.3,1
3594,2023-02,basic,referral,387.0,1
3595,2023-08,basic,paid,141.8,1
3596,2023-11,enterprise,referral,197.0,0
3597,2023-09,pro,organic,274.0,0
3598,2023-06,enterprise,paid,342.0,0
3599,2023-01,enterprise,organic,391.7,1
3600,2024-03,basic,paid,64.0,0
3601,2022-09,basic,referral,597.0,1
3602,2024-03,basic,referral,91.0,0
3603,2023-11,basic,paid,126.6,1
3604,2022-06,basic,paid,713.7,1
3605,2024-01,enterprise,referral,136.0,0
3606,2024-03,basic,referral,72.0,0
3607,2023-02,basic,paid,350.4,1
3608,2023-08,basic,organic,273.9,1
3609,2024-03,basic,organic,66.0,0
3610,2024-05,basic,referral,2.0,0
3611,2024-04,pro,paid,56.0,0
3612,2023-05,basic,paid,245.7,1
3613,2023-12,pro,paid,166.0,0
3614,2022-11,enterprise,organic,559.0,0
3615,2022-09,pro,organic,308.8,1
3616,2024-02,pro,referral,104.0,0
3617,2023-10,basic,organic,34.9,1
3618,2024-02,basic,paid,105.0,0
3619,2023-11,basic,paid,206.0,0
3620,2023-12,enterprise,referral,172.0,0
3621,2022-11,pro,organic,101.2,1
3622,2023-09,basic,paid,245.1,1
3623,2023-06,basic,organic,356.0,0
3624,2023-02,pro,organic,210.5,1
3625,2022-10,pro,organic,592.0,0
3626,2023-10,pro,organic,216.0,0
3627,2024-01,enterprise,referral,150.0,0
3628,2022-06,pro,referral,387.1,1
3629,2023-10,pro,organic,217.8,1
3630,2023-02,basic,referral,483.0,0
3631,2023-01,basic,paid,144.4,1
3632,2023-05,enterprise,paid,370.0,0
3633,2023-12,pro,referral,164.0,0
3634,2024-02,basic,paid,54.0,1
3635,2023-06,pro,organic,200.7,1
3636,2023-05,basic,organic,55.3,1
3637,2022-11,pro,paid,158.0,1
3638,2023-01,basic,referral,511.0,0
3639,2022-08,pro,paid,326.5,1
3640,2022-07,basic,organic,365.2,1
3641,2022-12,basic,organic,524.0,0
3642,2024-04,basic,referral,55.0,0
3643,2023-08,pro,organic,291.0,0
3644,2023-03,basic,paid,438.0,0
3645,2023-04,basic,paid,66.8,1
3646,2024-01,pro,organic,130.0,0
3647,2023-04,basic,organic,286.0,1
3648,2023-09,basic,organic,127.8,1
3649,2023-10,basic,organic,224.1,1
3650,2022-10,pro,paid,579.2,1
3651,2023-08,basic,referral,281.3,1
3652,2023-05,basic,organic,141.8,1
3653,2023-04,basic,paid,64.0,1
3654,2023-04,basic,organic,405.0,0
3655,2023-12,basic,organic,153.0,0
3656,2023-03,basic,paid,155.5,1
3657,2023-10,basic,paid,240.0,0
3658,2023-02,basic,paid,90.8,1
3659,2024-02,enterprise,organic,104.0,0
3660,2022-06,basic,paid,93.6,1
3661,2022-11,basic,organic,27.6,1
3662,2023-08,enterprise,referral,300.0,0
3663,2023-10,enterprise,paid,100.0,1
3664,2023-08,pro,referral,279.0,0
3665,2022-12,basic,organic,519.0,0
3666,2023-02,basic,paid,84.2,1
3667,2023-01,basic,paid,122.7,1
3668,2022-08,basic,organic,20.4,1
3669,2023-07,basic,paid,328.0,0
3670,2023-02,pro,paid,400.5,1
3671,2023-07,basic,referral,141.4,1
3672,2023-02,pro,organic,459.0,0
3673,2023-06,basic,referral,270.5,1
3674,2022-11,basic,organic,264.6,1
3675,2024-05,pro,paid,3.0,0
3676,2023-12,enterprise,paid,155.0,0
3677,2023-11,basic,organic,114.6,1
3678,2022-07,pro,referral,680.0,0
3679,2023-06,basic,referral,191.6,1
3680,2023-09,basic,referral,201.2,1
3681,2023-08,pro,referral,291.0,0
3682,2023-07,basic,paid,243.8,1
3683,2022-09,basic,paid,624.0,0
3684,2022-07,basic,referral,154.6,1
3685,2022-10,basic,organic,607.0,0
3686,2022-10,basic,referral,593.8,1
3687,2024-01,basic,paid,28.4,1
3688,2023-11,enterprise,paid,193.0,0
3689,2023-03,pro,organic,429.0,0
3690,2023-02,basic,organic,23.6,1
3691,2024-01,basic,organic,145.0,0
3692,2022-12,pro,organic,537.0,0
3693,2024-01,basic,organic,143.0,0
3694,2023-11,basic,organic,126.2,1
3695,2023-10,pro,organic,106.1,1
3696,2022-10,basic,paid,100.0,1
3697,2022-12,basic,organic,21.6,1
3698,2023-05,basic,referral,382.0,0
3699,2022-10,basic,organic,215.7,1
3700,2022-10,basic,paid,479.5,1
3701,2023-08,enterprise,organic,135.5,1
3702,2022-11,basic,paid,33.2,1
3703,2024-01,pro,paid,148.0,0
3704,2023-06,pro,paid,103.4,1
3705,2024-03,basic,organic,85.0,0
3706,2023-07,basic,paid,307.0,0
3707,2023-05,basic,organic,225.1,1
3708,2024-04,pro,paid,21.3,1
3709,2023-07,basic,organic,333.0,0
3710,2023-02,pro,paid,469.0,0
3711,2023-03,pro,organic,29.7,1
3712,2024-04,pro,paid,39.0,0
3713,2024-03,enterprise,organic,68.0,0
3714,2023-09,pro,organic,231.4,1
3715,2022-10,pro,organic,313.8,1
3716,2022-09,pro,organic,611.1,1
3717,2023-10,pro,paid,222.0,0
3718,2023-01,pro,referral,192.4,1
3719,2023-04,enterprise,paid,415.0,0
3720,2022-06,basic,organic,186.6,1
3721,2024-03,pro,organic,68.0,0
3722,2023-05,basic,referral,394.0,0
3723,2023-04,pro,organic,124.6,1
3724,2023-10,basic,organic,144.8,1
3725,2024-04,pro,referral,33.0,0
3726,2024-04,pro,organic,37.0,0
3727,2023-07,enterprise,organic,326.0,0
3728,2023-01,basic,organic,192.6,1
3729,2023-01,pro,paid,51.9,1
3730,2024-01,pro,organic,12.2,1
3731,2022-09,enterprise,paid,528.2,1
3732,2023-09,enterprise,organic,271.0,0
3733,2022-07,pro,organic,694.0,0
3734,2024-03,pro,organic,85.0,0
3735,2022-10,basic,referral,130.7,1
3736,2022-08,enterprise,organic,265.2,1
3737,2022-10,basic,paid,278.6,1
3738,2022-10,pro,organic,42.5,1
3739,2023-09,pro,organic,260.0,0
3740,2023-01,basic,organic,290.5,1
3741,2023-04,basic,paid,177.1,1
3742,2023-08,basic,paid,184.8,1
3743,2022-06,pro,referral,257.8,1
3744,2023-11,basic,referral,209.0,0
3745,2023-08,basic,paid,297.0,0
3746,2022-08,pro,paid,564.1,1
3747,2023-11,basic,paid,186.6,1
3748,2024-02,enterprise,paid,109.0,0
3749,2023-10,basic,organic,223.0,0
3750,2022-12,basic,referral,506.9,1
3751,2022-09,basic,referral,619.0,0
3752,2024-03,basic,organic,82.0,0
3753,2023-03,basic,referral,375.0,1
3754,2023-04,pro,referral,408.0,0
3755,2023-02,basic,organic,306.8,1
3756,2023-02,basic,referral,483.0,0
3757,2022-07,basic,organic,461.1,1
3758,2023-09,basic,organic,249.0,0
3759,2023-10,enterprise,organic,215.0,0
3760,2023-04,basic,paid,326.0,1
3761,2023-07,enterprise,organic,309.0,0
3762,2023-06,basic,referral,10.3,1
3763,2024-04,basic,organic,49.0,0
3764,2024-02,basic,organic,106.0,0
3765,2022-07,basic,paid,255.9,1
3766,2024-04,pro,organic,49.0,0
3767,2023-04,basic,paid,424.0,0
3768,2022-12,basic,organic,91.4,1
3769,2024-05,pro,referral,8.0,0
3770,2023-12,pro,paid,158.2,1
3771,2023-09,enterprise,organic,73.3,1
3772,2023-06,enterprise,organic,364.0,0
3773,2023-09,pro,organic,245.0,0
3774,2023-02,pro,referral,467.0,0
3775,2023-12,pro,paid,163.0,0
3776,2024-05,basic,organic,18.0,0
3777,2024-05,pro,organic,1.0,0
3778,2023-09,basic,referral,14.8,1
3779,2023-09,pro,organic,260.0,0
3780,2022-07,enterprise,paid,552.9,1
3781,2024-04,basic,paid,32.0,0
3782,2023-05,pro,organic,327.9,1
3783,2023-04,enterprise,paid,416.0,0
3784,2023-01,basic,organic,503.0,0
3785,2023-02,basic,organic,292.8,1
3786,2024-05,enterprise,referral,5.0,0
3787,2023-03,enterprise,paid,1.7,1
3788,2023-10,basic,referral,232.0,0
3789,2022-11,basic,paid,209.6,1
3790,2024-01,pro,organic,135.0,0
3791,2023-01,basic,paid,115.6,1
3792,2023-03,basic,paid,51.4,1
3793,2023-02,basic,organic,43.9,1
3794,2024-01,basic,organic,126.0,0
3795,2023-02,pro,paid,355.3,1
3796,2022-12,pro,paid,175.4,1
3797,2023-06,pro,organic,352.0,0
3798,2023-09,pro,referral,245.0,0
3799,2024-02,basic,organic,119.0,0
3800,2023-11,basic,organic,59.5,1
3801,2022-11,basic,organic,162.4,1
3802,2023-08,basic,referral,294.0,0
3803,2023-01,basic,organic,334.3,1
3804,2022-12,basic,paid,8.9,1
3805,2023-02,basic,organic,152.8,1
3806,2023-02,basic,paid,81.3,1
3807,2023-03,pro,paid,104.6,1
3808,2023-05,pro,organic,373.0,0
3809,2024-01,enterprise,referral,142.0,0
3810,2022-10,pro,organic,606.0,0
3811,2022-07,pro,organic,274.4,1
3812,2023-07,basic,paid,149.2,1
3813,2022-07,pro,paid,407.3,1
3814,2022-06,basic,organic,23.9,1
3815,2023-06,basic,paid,350.0,0
3816,2022-12,basic,organic,131.9,1
3817,2023-02,basic,paid,209.3,1
3818,2023-12,basic,paid,170.0,0
3819,2024-04,pro,referral,33.0,0
3820,2023-07,pro,paid,154.2,1
3821,2022-11,pro,paid,131.9,1
3822,2023-10,pro,paid,234.0,0
3823,2022-11,basic,organic,276.0,1
3824,2023-02,basic,organic,223.0,1
3825,2023-01,pro,referral,500.0,0
3826,2023-11,basic,organic,205.0,0
3827,2023-06,basic,paid,231.4,1
3828,2024-01,basic,organic,79.1,1
3829,2023-12,enterprise,referral,177.0,0
3830,2024-03,pro,organic,64.0,0
3831,2024-03,basic,referral,91.0,0
3832,2024-01,pro,paid,151.0,0
3833,2023-04,basic,organic,47.3,1
3834,2023-07,basic,paid,157.3,1
3835,2023-11,basic,paid,192.0,0
3836,2022-09,basic,organic,153.9,1
3837,2023-05,pro,organic,378.0,0
3838,2022-08,basic,paid,55.7,1
3839,2023-03,pro,paid,38.9,1
3840,2024-05,basic,organic,11.0,0
3841,2022-08,pro,referral,484.4,1
3842,2022-09,pro,organic,315.7,1
3843,2023-03,pro,organic,457.0,0
3844,2023-05,pro,paid,385.0,0
3845,2023-07,enterprise,organic,112.6,1
3846,2023-06,basic,organic,347.0,0
3847,2022-11,pro,paid,418.0,1
3848,2023-05,pro,organic,369.0,0
3849,2024-01,basic,organic,8.9,1
3850,2024-04,basic,paid,30.2,1
3851,2024-03,basic,paid,90.0,0
3852,2023-12,basic,referral,181.0,0
3853,2023-09,basic,paid,82.0,1
3854,2022-08,basic,paid,237.1,1
3855,2023-12,pro,organic,38.3,1
3856,2023-10,basic,paid,46.6,1
3857,2023-12,pro,organic,160.0,0
3858,2023-05,basic,organic,392.0,0
3859,2023-03,pro,referral,310.9,1
3860,2023-05,basic,paid,9.3,1
3861,2022-07,basic,paid,263.0,1
3862,2022-06,basic,organic,77.3,1
3863,2022-10,pro,organic,489.0,1
3864,2022-10,basic,paid,17.5,1
3865,2023-09,enterprise,paid,263.0,0
3866,2023-04,basic,paid,417.0,0
3867,2023-09,pro,organic,253.0,0
3868,2022-11,basic,organic,564.0,0
3869,2024-01,pro,paid,123.0,0
3870,2023-12,basic,paid,41.2,1
3871,2024-05,basic,organic,27.0,0
3872,2023-03,basic,organic,38.3,1
3873,2023-01,basic,organic,495.0,0
3874,2024-05,basic,organic,2.0,0
3875,2023-05,enterprise,paid,44.3,1
3876,2023-09,basic,organic,196.5,1
3877,2022-11,basic,paid,47.5,1
3878,2024-05,enterprise,paid,15.6,1
3879,2024-04,basic,referral,34.0,0
3880,2023-03,basic,referral,167.7,1
3881,2023-04,pro,organic,425.0,0
3882,2022-10,enterprise,organic,598.0,0
3883,2023-04,pro,organic,426.0,0
3884,2022-07,basic,paid,75.2,1
3885,2023-10,enterprise,organic,226.0,0
3886,2023-08,basic,organic,218.5,1
3887,2022-06,enterprise,organic,109.2,1
3888,2024-03,pro,organic,77.0,0
3889,2022-11,enterprise,paid,55.9,1
3890,2024-05,basic,paid,8.0,0
3891,2023-06,basic,paid,277.9,1
3892,2024-02,pro,referral,110.0,0
3893,2023-03,basic,organic,401.6,1
3894,2022-11,basic,organic,181.2,1
3895,2024-05,enterprise,organic,23.0,0
3896,2024-02,pro,paid,103.0,1
3897,2023-09,basic,paid,246.0,0
3898,2023-11,basic,organic,184.0,0
3899,2023-08,basic,referral,275.0,0
3900,2022-07,basic,organic,292.5,1
3901,2024-03,basic,organic,72.0,0
3902,2023-08,pro,paid,304.0,0
3903,2023-07,pro,referral,180.0,1
3904,2023-11,basic,paid,27.7,1
3905,2023-11,basic,referral,141.0,1
3906,2023-01,pro,organic,514.0,0
3907,2023-03,pro,paid,240.2,1
3908,2022-10,enterprise,referral,585.0,0
3909,2023-08,basic,paid,261.7,1
3910,2023-03,pro,organic,436.0,0
3911,2022-08,basic,referral,55.8,1
3912,2022-09,basic,organic,207.7,1
3913,2022-08,pro,organic,657.9,1
3914,2023-11,basic,referral,193.0,0
3915,2022-06,basic,referral,48.8,1
3916,2022-10,basic,referral,587.0,0
3917,2022-11,basic,referral,145.1,1
3918,2023-02,basic,organic,480.0,0
3919,2022-06,pro,referral,707.0,0
3920,2023-07,basic,organic,67.9,1
3921,2022-12,basic,paid,533.0,0
3922,2023-01,pro,organic,210.5,1
3923,2022-12,basic,referral,527.0,0
3924,2022-12,enterprise,paid,333.4,1
3925,2024-01,basic,referral,137.0,0
3926,2023-09,pro,organic,122.1,1
3927,2023-08,basic,organic,108.2,1
3928,2022-12,pro,organic,251.8,1
3929,2023-01,basic,organic,370.1,1
3930,2022-10,enterprise,paid,600.0,0
3931,2022-11,basic,organic,206.7,1
3932,2023-03,pro,paid,282.8,1
3933,2024-02,basic,organic,100.0,0
3934,2023-03,basic,organic,35.3,1
3935,2022-09,basic,paid,297.6,1
3936,2023-02,basic,organic,463.0,0
3937,2022-08,basic,organic,66.4,1
3938,2022-06,pro,organic,335.8,1
3939,2023-09,basic,organic,154.6,1
3940,2022-12,basic,paid,432.2,1
3941,2023-05,basic,organic,351.9,1
3942,2023-07,basic,organic,201.5,1
3943,2023-12,basic,paid,172.0,0
3944,2023-12,pro,paid,167.7,1
3945,2024-01,basic,paid,133.0,0
3946,2023-03,enterprise,organic,454.0,0
3947,2024-02,basic,referral,102.0,0
3948,2023-07,basic,organic,310.0,0
3949,2023-05,enterprise,organic,376.0,0
3950,2023-07,basic,referral,179.8,1
3951,2022-09,basic,paid,170.9,1
3952,2023-07,enterprise,paid,319.0,0
3953,2024-04,enterprise,referral,59.0,0
3954,2022-06,pro,organic,714.0,0
3955,2022-10,basic,referral,437.7,1
3956,2023-02,pro,paid,72.2,1
3957,2022-12,enterprise,organic,355.9,1
3958,2024-03,enterprise,organic,92.0,0
3959,2022-11,basic,organic,456.1,1
3960,2024-01,basic,referral,149.0,0
3961,2023-06,basic,organic,144.2,1
3962,2024-01,basic,organic,128.0,0
3963,2022-12,pro,paid,209.6,1
3964,2023-12,basic,paid,15.7,1
3965,2023-12,basic,organic,182.0,0
3966,2024-03,basic,referral,78.0,0
3967,2022-12,basic,paid,175.3,1
3968,2023-11,basic,referral,213.0,0
3969,2023-05,basic,organic,373.0,0
3970,2023-10,basic,organic,217.6,1
3971,2022-11,enterprise,paid,557.0,0
3972,2023-12,basic,organic,163.0,0
3973,2022-07,basic,paid,120.1,1
3974,2023-10,basic,organic,231.0,0
3975,2024-03,basic,paid,74.0,0
3976,2023-12,basic,referral,173.0,0
3977,2024-04,basic,referral,53.0,0
3978,2023-06,basic,referral,103.3,1
3979,2023-12,basic,referral,180.0,0
3980,2022-09,pro,organic,26.6,1
3981,2023-05,basic,organic,372.0,0
3982,2023-12,basic,referral,168.0,0
3983,2023-07,pro,referral,304.9,1
3984,2024-01,basic,referral,141.0,0
3985,2024-01,basic,paid,128.0,0
3986,2023-10,basic,organic,216.0,0
3987,2024-03,basic,referral,77.0,0
3988,2024-01,basic,referral,135.0,0
3989,2022-07,enterprise,paid,675.0,0
3990,2023-02,enterprise,referral,480.0,0
3991,2022-08,enterprise,paid,663.0,0
3992,2023-11,basic,referral,35.7,1
3993,2022-09,basic,organic,617.0,0
3994,2023-09,basic,referral,260.0,0
3995,2024-02,basic,organic,103.0,0
3996,2022-10,basic,organic,239.3,1
3997,2024-04,basic,organic,34.7,1
3998,2023-08,basic,paid,281.2,1
3999,2022-10,basic,organic,146.4,1
4000,2023-03,basic,referral,417.7,1
